Reference_Name	Position	Coverage Depth	Consensus	Deletions	Ambiguous	Consensus_Count	Consensus_Average_Quality
A_PA	1	63	A	0	0	63	26.3174603174603
A_PA	2	63	T	0	0	63	25.3333333333333
A_PA	3	64	G	0	0	64	25.421875
A_PA	4	67	G	0	0	65	24.9076923076923
A_PA	5	66	A	1	0	66	26.4242424242424
A_PA	6	67	A	0	0	67	26.3432835820896
A_PA	7	67	G	0	0	67	25.5522388059701
A_PA	8	67	A	0	0	67	26.8955223880597
A_PA	9	64	T	3	0	64	26.625
A_PA	10	67	T	0	0	67	24.5522388059701
A_PA	11	67	T	0	0	67	25.1492537313433
A_PA	12	67	T	0	0	67	26.089552238806
A_PA	13	67	G	1	0	66	20.3939393939394
A_PA	14	68	T	0	0	67	19.0298507462687
A_PA	15	67	G	1	0	66	19.3484848484848
A_PA	16	67	C	1	0	67	19.3582089552239
A_PA	17	69	G	0	0	69	23.1449275362319
A_PA	18	68	A	1	0	67	24.5373134328358
A_PA	19	68	C	1	0	68	22.8823529411765
A_PA	20	69	A	0	0	67	23.9402985074627
A_PA	21	69	A	0	0	69	21.6376811594203
A_PA	22	69	T	0	0	67	21.7014925373134
A_PA	23	65	G	4	0	64	20.28125
A_PA	24	69	C	0	0	68	19.4264705882353
A_PA	25	66	T	3	0	65	19.6307692307692
A_PA	26	68	T	1	0	68	20.1764705882353
A_PA	27	68	C	1	0	65	22.9230769230769
A_PA	28	68	A	1	0	68	21.9117647058824
A_PA	29	68	A	1	0	68	16.8529411764706
A_PA	30	66	C	3	0	66	17.1969696969697
A_PA	31	67	C	2	0	66	17.7727272727273
A_PA	32	68	C	1	0	66	17.0757575757576
A_PA	33	68	G	1	0	68	24.3235294117647
A_PA	34	68	A	1	0	68	23.6029411764706
A_PA	35	68	T	1	0	67	23.7910447761194
A_PA	36	69	G	0	0	68	26
A_PA	37	69	A	0	0	66	24.8333333333333
A_PA	38	68	T	1	0	68	26.4264705882353
A_PA	39	68	T	1	0	68	25.7205882352941
A_PA	40	69	G	0	0	68	23.5441176470588
A_PA	41	69	T	0	0	67	24.5373134328358
A_PA	42	67	C	2	0	66	23.9242424242424
A_PA	43	68	G	1	0	66	22.030303030303
A_PA	44	68	A	1	0	67	21.9850746268657
A_PA	45	69	A	0	0	68	21.75
A_PA	46	67	C	2	0	66	20.6969696969697
A_PA	47	67	T	2	0	67	22.8805970149254
A_PA	48	68	T	1	0	68	24.8529411764706
A_PA	49	67	G	2	0	67	23.6268656716418
A_PA	50	69	C	0	0	67	23.4029850746269
A_PA	51	67	A	2	0	65	22.8
A_PA	52	68	G	1	0	67	25.1641791044776
A_PA	53	65	A	4	0	65	22.8
A_PA	54	69	A	0	0	69	27.1884057971014
A_PA	55	69	A	0	0	68	29.4411764705882
A_PA	56	69	A	0	0	69	27.0579710144928
A_PA	57	68	A	1	0	67	25.2388059701493
A_PA	58	68	G	1	0	66	21.3636363636364
A_PA	59	68	C	1	0	64	17.1875
A_PA	60	68	A	1	0	68	19.3970588235294
A_PA	61	68	A	1	0	67	18.7910447761194
A_PA	62	68	T	1	0	64	23.203125
A_PA	63	69	G	0	0	68	25.3382352941176
A_PA	64	63	A	6	0	61	27.2295081967213
A_PA	65	68	A	1	0	68	23.6911764705882
A_PA	66	68	A	1	0	67	19.3432835820896
A_PA	67	68	G	1	0	66	16.9848484848485
A_PA	68	66	A	3	0	66	17.7727272727273
A_PA	69	68	G	1	0	68	15.8676470588235
A_PA	70	66	T	3	0	64	16.0625
A_PA	71	69	A	0	0	65	17.9692307692308
A_PA	72	68	T	1	0	66	17.7878787878788
A_PA	73	69	G	0	0	69	21.1884057971014
A_PA	74	69	G	0	0	69	26.6376811594203
A_PA	75	69	A	0	0	69	25.3478260869565
A_PA	76	65	G	4	0	65	16.9384615384615
A_PA	77	68	A	1	0	68	23.6764705882353
A_PA	78	68	G	1	0	68	21.5
A_PA	79	69	G	0	0	69	19.3623188405797
A_PA	80	69	A	0	0	69	19.463768115942
A_PA	81	69	T	0	0	67	19.0746268656716
A_PA	82	69	C	0	0	69	17.9275362318841
A_PA	83	69	T	0	0	66	17.9393939393939
A_PA	84	69	G	0	0	69	21.9710144927536
A_PA	85	65	A	4	0	64	23.5625
A_PA	86	68	A	1	0	68	23.7205882352941
A_PA	87	68	A	1	0	67	23.2238805970149
A_PA	88	68	A	1	0	66	20.4545454545455
A_PA	89	69	T	0	0	65	18.0461538461538
A_PA	90	69	T	0	0	68	18.9558823529412
A_PA	91	69	G	0	0	68	21.0735294117647
A_PA	92	68	A	1	0	68	20.3529411764706
A_PA	93	69	A	0	0	69	20.6086956521739
A_PA	94	69	A	0	0	67	23.6865671641791
A_PA	95	68	C	1	0	68	22.6029411764706
A_PA	96	69	C	0	0	67	22.3432835820896
A_PA	97	69	A	0	0	69	22.4347826086957
A_PA	98	69	A	0	0	67	22.3134328358209
A_PA	99	69	C	0	0	69	22.536231884058
A_PA	100	67	A	2	0	66	22.7575757575758
A_PA	101	69	A	0	0	67	25.5522388059701
A_PA	102	68	A	1	0	67	26.8805970149254
A_PA	103	67	T	2	0	65	27.3230769230769
A_PA	104	68	T	1	0	67	24.3134328358209
A_PA	105	68	T	1	0	68	23.2647058823529
A_PA	106	67	G	2	0	65	21.4615384615385
A_PA	107	67	C	2	0	64	20.96875
A_PA	108	68	A	1	0	65	20.8307692307692
A_PA	109	69	G	0	0	67	20.0298507462687
A_PA	110	67	C	2	0	65	21.0923076923077
A_PA	111	68	A	1	0	67	22.5671641791045
A_PA	112	68	A	1	0	68	24.2794117647059
A_PA	113	69	T	0	0	68	25.0441176470588
A_PA	114	69	A	0	0	69	26.4347826086957
A_PA	115	69	T	0	0	69	28.0724637681159
A_PA	116	68	G	1	0	68	22.5588235294118
A_PA	117	68	C	1	0	68	21.0735294117647
A_PA	118	69	A	0	0	69	19.6231884057971
A_PA	119	68	C	1	0	68	18.5882352941176
A_PA	120	68	T	1	0	67	19.5223880597015
A_PA	121	68	C	1	0	67	20.4328358208955
A_PA	122	68	A	1	0	67	18.089552238806
A_PA	123	67	C	2	0	67	17.2089552238806
A_PA	124	66	T	3	0	65	16.9230769230769
A_PA	125	68	T	1	0	67	16.7761194029851
A_PA	126	65	G	4	0	63	18.1269841269841
A_PA	127	63	G	6	0	61	19.655737704918
A_PA	128	65	A	4	0	64	18.484375
A_PA	129	66	G	3	0	64	18.453125
A_PA	130	64	G	5	0	63	27.2857142857143
A_PA	131	64	T	5	0	64	46.953125
A_PA	132	69	G	0	0	67	24.4776119402985
A_PA	133	68	T	1	0	67	24.3880597014925
A_PA	134	68	G	1	0	68	33.3382352941176
A_PA	135	68	T	1	0	67	24.2686567164179
A_PA	136	69	T	0	0	69	19.7246376811594
A_PA	137	68	T	1	0	67	18.865671641791
A_PA	138	67	C	2	0	65	21.1692307692308
A_PA	139	68	A	1	0	66	21.2272727272727
A_PA	140	68	T	1	0	68	20.7205882352941
A_PA	141	69	G	0	0	69	22.8260869565217
A_PA	142	66	T	2	0	66	24.1666666666667
A_PA	143	68	T	0	0	68	25.7794117647059
A_PA	144	68	T	0	0	68	23.1911764705882
A_PA	145	68	T	0	0	66	22.3181818181818
A_PA	146	68	C	0	0	68	23.6029411764706
A_PA	147	65	A	3	0	61	20.4754098360656
A_PA	148	66	G	2	0	66	18.6666666666667
A_PA	149	67	A	1	0	66	17.4848484848485
A_PA	150	67	T	1	0	66	18.2272727272727
A_PA	151	67	T	1	0	67	18.6716417910448
A_PA	152	68	T	0	0	68	19.3235294117647
A_PA	153	57	C	11	0	55	23.3454545454545
A_PA	154	63	C	5	0	61	21.3934426229508
A_PA	155	66	A	2	0	65	18.2307692307692
A_PA	156	67	T	1	0	62	21.4354838709677
A_PA	157	67	T	1	0	67	20.6567164179104
A_PA	158	68	T	0	0	68	21.1764705882353
A_PA	159	68	C	0	0	67	24.3432835820896
A_PA	160	68	A	0	0	68	25.2352941176471
A_PA	161	68	T	0	0	67	25.134328358209
A_PA	162	68	C	0	0	67	25.134328358209
A_PA	163	67	A	1	0	67	24.2686567164179
A_PA	164	68	A	0	0	66	24.4090909090909
A_PA	165	68	T	0	0	67	25.4179104477612
A_PA	166	68	G	0	0	66	26.9242424242424
A_PA	167	68	A	0	0	67	26.6716417910448
A_PA	168	68	A	0	0	67	26.3283582089552
A_PA	169	68	C	0	0	68	26.0147058823529
A_PA	170	66	A	2	0	66	23.1060606060606
A_PA	171	68	A	0	0	68	21.9264705882353
A_PA	172	66	G	2	0	65	19.4
A_PA	173	67	G	1	0	67	19.9850746268657
A_PA	174	67	C	1	0	65	20.1230769230769
A_PA	175	68	G	0	0	68	22.0147058823529
A_PA	176	68	A	0	0	68	24.9411764705882
A_PA	177	68	A	0	0	68	23.8676470588235
A_PA	178	68	T	0	0	67	24.5970149253731
A_PA	179	68	C	0	0	68	24.6911764705882
A_PA	180	68	A	0	0	66	26.7575757575758
A_PA	181	67	A	1	0	65	25.6
A_PA	182	66	T	2	0	65	25.9692307692308
A_PA	183	66	A	2	0	66	24.7878787878788
A_PA	184	66	G	2	0	65	23.1076923076923
A_PA	185	68	T	0	0	66	22.3787878787879
A_PA	186	68	A	0	0	67	22.1940298507463
A_PA	187	68	G	0	0	67	21.4477611940299
A_PA	188	68	T	0	0	66	21.8333333333333
A_PA	189	66	A	2	0	63	23.2222222222222
A_PA	190	68	G	0	0	66	21.2727272727273
A_PA	191	67	A	1	0	65	19.7076923076923
A_PA	192	68	A	0	0	64	18.28125
A_PA	193	68	C	0	0	65	17.3230769230769
A_PA	194	61	T	7	0	59	18.5762711864407
A_PA	195	65	T	3	0	60	19.7166666666667
A_PA	196	66	G	2	0	66	21.3484848484848
A_PA	197	68	A	0	0	67	20.1791044776119
A_PA	198	68	C	0	0	65	19.9846153846154
A_PA	199	67	G	1	0	66	22.7424242424242
A_PA	200	68	A	0	0	65	23.0307692307692
A_PA	201	68	T	0	0	68	21.7058823529412
A_PA	202	64	C	4	0	64	23.3125
A_PA	203	67	C	1	0	61	24.2950819672131
A_PA	204	67	A	1	0	67	21.1940298507463
A_PA	205	66	A	2	0	66	22.9545454545455
A_PA	206	67	A	1	0	67	24.2537313432836
A_PA	207	66	T	2	0	65	25.6
A_PA	208	66	G	2	0	66	23.5757575757576
A_PA	209	67	C	1	0	67	22.4776119402985
A_PA	210	67	A	1	0	66	20.8030303030303
A_PA	211	67	C	1	0	67	20.3283582089552
A_PA	212	67	T	1	0	65	22.7230769230769
A_PA	213	67	G	1	0	65	23.5846153846154
A_PA	214	68	T	0	0	67	25
A_PA	215	68	T	0	0	67	30.955223880597
A_PA	216	65	A	3	0	63	27.2063492063492
A_PA	217	66	A	2	0	65	27.3384615384615
A_PA	218	66	A	2	0	64	26.578125
A_PA	219	64	A	4	0	60	32.3
A_PA	220	65	C	3	0	64	26
A_PA	221	67	A	1	0	64	23.046875
A_PA	222	67	C	1	0	64	27.84375
A_PA	223	67	A	1	0	66	24.6666666666667
A_PA	224	67	G	1	0	66	24.6212121212121
A_PA	225	66	A	2	0	65	26.1230769230769
A_PA	226	67	T	1	0	67	25.5970149253731
A_PA	227	68	T	0	0	68	24.8970588235294
A_PA	228	67	T	1	0	67	26.0149253731343
A_PA	229	66	G	2	0	65	26.8615384615385
A_PA	230	65	A	2	0	63	23.1428571428571
A_PA	231	66	A	1	0	65	22.7076923076923
A_PA	232	66	A	1	0	65	25.5846153846154
A_PA	233	66	T	1	0	64	24.53125
A_PA	234	67	A	0	0	67	25
A_PA	235	67	A	0	0	67	23.7313432835821
A_PA	236	64	T	3	0	64	23.21875
A_PA	237	67	C	0	0	67	23.2388059701493
A_PA	238	65	G	2	0	65	19.4153846153846
A_PA	239	65	A	2	0	65	17.7076923076923
A_PA	240	49	N	18	0	48	17.0416666666667
A_PA	241	58	G	9	0	58	17.3448275862069
A_PA	242	62	G	5	0	60	18.6333333333333
A_PA	243	60	G	7	0	59	25.8983050847458
A_PA	244	59	A	8	0	58	50.2413793103448
A_PA	245	65	G	2	0	61	28.0983606557377
A_PA	246	65	A	2	0	64	21.703125
A_PA	247	65	G	2	0	63	31.5873015873016
A_PA	248	67	A	0	0	65	29.3076923076923
A_PA	249	67	C	0	0	66	18.3636363636364
A_PA	250	66	A	1	0	64	18.921875
A_PA	251	67	G	0	0	66	18.6666666666667
A_PA	252	67	A	0	0	65	19.2
A_PA	253	67	A	0	0	66	19.1969696969697
A_PA	254	67	C	0	0	66	18.3333333333333
A_PA	255	67	A	0	0	67	21.1044776119403
A_PA	256	66	A	1	0	66	21.1515151515152
A_PA	257	64	T	3	0	64	21.921875
A_PA	258	64	G	3	0	63	18.1746031746032
A_PA	259	64	G	3	0	63	16.6984126984127
A_PA	260	62	C	5	0	59	16.8474576271186
A_PA	261	66	C	1	0	64	15.125
A_PA	262	67	T	0	0	62	15.3548387096774
A_PA	263	60	G	7	0	56	17.6785714285714
A_PA	264	67	G	0	0	63	23.2698412698413
A_PA	265	67	A	0	0	66	22.9090909090909
A_PA	266	67	C	0	0	67	21.044776119403
A_PA	267	66	A	1	0	65	18.2307692307692
A_PA	268	65	G	2	0	64	17.984375
A_PA	269	65	T	2	0	64	17.375
A_PA	270	66	A	1	0	64	17.953125
A_PA	271	67	G	0	0	65	20.4
A_PA	272	66	T	1	0	63	21.1428571428571
A_PA	273	66	A	1	0	64	23.34375
A_PA	274	67	A	0	0	66	23.3787878787879
A_PA	275	67	A	0	0	64	22.109375
A_PA	276	67	C	0	0	65	20.2615384615385
A_PA	277	67	A	0	0	62	17.258064516129
A_PA	278	66	G	1	0	64	16.875
A_PA	279	66	T	1	0	64	16.96875
A_PA	280	67	A	0	0	66	18.2727272727273
A_PA	281	66	T	1	0	66	19.530303030303
A_PA	282	65	C	2	0	65	21.8461538461538
A_PA	283	65	T	2	0	64	21.609375
A_PA	284	65	G	2	0	63	22.015873015873
A_PA	285	66	C	1	0	65	21.7538461538462
A_PA	286	67	A	0	0	66	23.2424242424242
A_PA	287	67	A	0	0	65	21.2461538461538
A_PA	288	67	C	0	0	66	21.469696969697
A_PA	289	66	A	1	0	66	20.9393939393939
A_PA	290	67	C	0	0	64	19.515625
A_PA	291	67	T	0	0	66	19.4090909090909
A_PA	292	66	A	1	0	62	19.0645161290323
A_PA	293	66	C	1	0	66	17.1666666666667
A_PA	294	66	T	1	0	65	17.4
A_PA	295	60	G	7	0	60	20.3333333333333
A_PA	296	67	G	0	0	67	24.0298507462687
A_PA	297	65	A	2	0	63	22.5079365079365
A_PA	298	67	G	0	0	67	20.4626865671642
A_PA	299	67	C	0	0	67	17.7761194029851
A_PA	300	67	T	0	0	65	17.8615384615385
A_PA	301	63	G	4	0	62	20.8709677419355
A_PA	302	66	G	1	0	66	25
A_PA	303	61	A	6	0	61	21.1967213114754
A_PA	304	67	A	0	0	67	25.5671641791045
A_PA	305	67	A	0	0	67	25.2537313432836
A_PA	306	67	A	0	0	67	23.1492537313433
A_PA	307	65	C	2	0	65	20.5384615384615
A_PA	308	67	C	0	0	64	19.234375
A_PA	309	67	A	0	0	67	19.4776119402985
A_PA	310	66	A	1	0	66	19.0151515151515
A_PA	311	65	A	2	0	64	18.375
A_PA	312	65	G	2	0	64	19.84375
A_PA	313	59	T	8	0	54	22.962962962963
A_PA	314	66	T	1	0	65	23.4461538461538
A_PA	315	67	T	0	0	67	22.089552238806
A_PA	316	67	T	0	0	66	27.3939393939394
A_PA	317	66	T	1	0	65	23.5230769230769
A_PA	318	66	A	1	0	66	19.9090909090909
A_PA	319	63	C	4	0	61	18.2131147540984
A_PA	320	67	C	0	0	63	17.1269841269841
A_PA	321	63	G	4	0	62	18.6290322580645
A_PA	322	66	G	1	0	65	20.8923076923077
A_PA	323	67	A	0	0	66	21.0454545454545
A_PA	324	67	T	0	0	66	21.5909090909091
A_PA	325	67	C	0	0	66	21.3181818181818
A_PA	326	67	T	0	0	65	20.9384615384615
A_PA	327	66	G	1	0	66	20.3181818181818
A_PA	328	66	T	1	0	63	21.6984126984127
A_PA	329	67	A	0	0	65	20.6615384615385
A_PA	330	67	T	0	0	64	22.5
A_PA	331	67	G	0	0	67	25.2238805970149
A_PA	332	67	A	0	0	66	24.1818181818182
A_PA	333	67	T	0	0	65	24.1692307692308
A_PA	334	67	T	0	0	67	24.5970149253731
A_PA	335	67	A	0	0	65	22.8307692307692
A_PA	336	67	C	0	0	67	24.3880597014925
A_PA	337	65	A	2	0	65	26.6307692307692
A_PA	338	67	A	0	0	66	25.8787878787879
A_PA	339	67	A	0	0	66	24.0151515151515
A_PA	340	67	G	0	0	65	27.7538461538462
A_PA	341	63	A	4	0	62	24.7903225806452
A_PA	342	67	A	0	0	66	23.6666666666667
A_PA	343	67	A	0	0	67	24.3134328358209
A_PA	344	67	A	0	0	66	22.7424242424242
A_PA	345	67	C	0	0	67	22.2835820895522
A_PA	346	67	A	0	0	67	21.2985074626866
A_PA	347	67	G	0	0	67	20.6417910447761
A_PA	348	66	A	1	0	66	21.030303030303
A_PA	349	67	T	0	0	66	21.3636363636364
A_PA	350	67	T	0	0	67	22.1492537313433
A_PA	351	67	C	0	0	65	24.4461538461538
A_PA	352	67	A	0	0	66	24.0454545454545
A_PA	353	66	T	1	0	65	23.8923076923077
A_PA	354	66	C	1	0	66	23.8939393939394
A_PA	355	65	G	1	0	63	23.5873015873016
A_PA	356	65	A	1	0	64	21.515625
A_PA	357	65	A	0	0	64	20.484375
A_PA	358	64	A	1	0	64	18.390625
A_PA	359	64	T	1	0	62	13.6451612903226
A_PA	360	65	T	0	0	65	12.9846153846154
A_PA	361	51	N	14	0	49	13.7142857142857
A_PA	362	62	G	3	0	62	16.9677419354839
A_PA	363	61	A	4	0	61	14.9508196721311
A_PA	364	63	G	2	0	63	14.3333333333333
A_PA	365	57	T	7	0	55	14.8181818181818
A_PA	366	63	G	1	0	60	19.5166666666667
A_PA	367	63	A	1	0	63	20.4126984126984
A_PA	368	62	C	2	0	61	20.8032786885246
A_PA	369	64	A	0	0	62	20.1129032258065
A_PA	370	62	A	2	0	60	18.0833333333333
A_PA	371	62	G	2	0	59	17.4745762711864
A_PA	372	56	G	8	0	55	29.3454545454545
A_PA	373	58	A	6	0	55	44.3454545454545
A_PA	374	60	G	4	0	60	25.9
A_PA	375	61	A	3	0	61	22.9180327868852
A_PA	376	58	G	6	0	58	28.4827586206897
A_PA	377	61	A	2	0	61	22.0655737704918
A_PA	378	63	A	0	0	62	17.6774193548387
A_PA	379	62	G	1	0	59	17.8813559322034
A_PA	380	62	T	1	0	62	17.1935483870968
A_PA	381	54	C	9	0	53	18.2830188679245
A_PA	382	60	C	3	0	60	16.9666666666667
A_PA	383	61	A	2	0	59	16.1694915254237
A_PA	384	63	C	0	0	60	16.3333333333333
A_PA	385	59	A	4	0	59	23.0169491525424
A_PA	386	60	T	3	0	59	39.2881355932203
A_PA	387	63	A	0	0	63	25.1269841269841
A_PA	388	63	T	0	0	63	29.952380952381
A_PA	389	63	A	0	0	63	43.4603174603175
A_PA	390	62	T	1	0	61	29.655737704918
A_PA	391	63	T	0	0	63	20.1746031746032
A_PA	392	62	A	1	0	59	19.2033898305085
A_PA	393	60	C	3	0	59	19.3220338983051
A_PA	394	62	C	1	0	58	17.2241379310345
A_PA	395	61	T	2	0	55	19.4363636363636
A_PA	396	63	T	0	0	59	21.5932203389831
A_PA	397	63	G	0	0	62	22.6774193548387
A_PA	398	63	A	0	0	62	23.1129032258065
A_PA	399	63	A	0	0	62	25.4032258064516
A_PA	400	63	A	0	0	62	24.6129032258065
A_PA	401	63	A	0	0	63	22.0793650793651
A_PA	402	62	G	1	0	62	23.1129032258065
A_PA	403	63	G	0	0	63	19.8571428571429
A_PA	404	63	C	0	0	63	18.952380952381
A_PA	405	63	C	0	0	61	19.0819672131148
A_PA	406	62	A	1	0	62	21.5161290322581
A_PA	407	63	A	0	0	61	22.3606557377049
A_PA	408	63	T	0	0	62	23.0322580645161
A_PA	409	60	A	3	0	60	27.3
A_PA	410	63	A	0	0	63	25.3015873015873
A_PA	411	63	A	0	0	63	23.5238095238095
A_PA	412	63	A	0	0	63	20.4761904761905
A_PA	413	63	T	0	0	63	20.1269841269841
A_PA	414	63	T	0	0	63	22.7460317460317
A_PA	415	62	A	1	0	61	22.9016393442623
A_PA	416	62	A	1	0	62	23.8870967741935
A_PA	417	63	A	0	0	62	23.1451612903226
A_PA	418	62	T	1	0	61	24.5081967213115
A_PA	419	63	C	0	0	62	23.5322580645161
A_PA	420	59	A	4	0	57	21.6491228070175
A_PA	421	63	G	0	0	63	24.7619047619048
A_PA	422	63	A	0	0	61	23.7868852459016
A_PA	423	60	G	3	0	60	32.7666666666667
A_PA	424	63	A	0	0	63	24.7460317460317
A_PA	425	55	A	8	0	54	26.2962962962963
A_PA	426	54	C	9	0	52	43.9230769230769
A_PA	427	60	A	3	0	60	42.9666666666667
A_PA	428	59	C	4	0	59	57.9322033898305
A_PA	429	63	A	0	0	62	62.6290322580645
A_PA	430	63	C	0	0	62	49.258064516129
A_PA	431	63	A	0	0	62	43.2258064516129
A_PA	432	63	C	0	0	62	42.8870967741936
A_PA	433	63	A	0	0	60	30.5
A_PA	434	63	T	0	0	61	21.1475409836066
A_PA	435	63	T	0	0	62	21.7741935483871
A_PA	436	61	C	2	0	61	22.0327868852459
A_PA	437	60	A	3	0	58	22.6206896551724
A_PA	438	60	C	3	0	60	20.6666666666667
A_PA	439	60	A	3	0	59	23.4745762711864
A_PA	440	45	N	18	0	45	28.2444444444444
A_PA	441	57	T	6	0	55	32.4363636363636
A_PA	442	63	T	0	0	62	29.5645161290323
A_PA	443	63	T	0	0	62	29.3387096774194
A_PA	444	63	T	0	0	63	25.0793650793651
A_PA	445	63	T	0	0	63	25.1587301587302
A_PA	446	63	C	0	0	62	25.4838709677419
A_PA	447	63	A	0	0	61	24.2786885245902
A_PA	448	62	T	1	0	61	23.7377049180328
A_PA	449	62	T	1	0	60	25.6166666666667
A_PA	450	62	C	1	0	61	24.5573770491803
A_PA	451	61	A	1	0	60	21.8666666666667
A_PA	452	59	C	3	0	59	21
A_PA	453	59	T	3	0	58	21.3103448275862
A_PA	454	49	N	13	0	45	23.2
A_PA	455	57	G	5	0	57	21.8245614035088
A_PA	456	59	G	3	0	59	21.5593220338983
A_PA	457	60	G	2	0	60	19.6
A_PA	458	60	A	2	0	59	19.6440677966102
A_PA	459	58	G	3	0	56	21.6428571428571
A_PA	460	61	G	0	0	59	23.1186440677966
A_PA	461	60	A	1	0	58	18.1379310344828
A_PA	462	61	A	0	0	61	19.6065573770492
A_PA	463	61	A	0	0	61	19.8524590163934
A_PA	464	61	T	0	0	60	19.9
A_PA	465	59	G	2	0	59	23.4576271186441
A_PA	466	60	G	1	0	59	22.4745762711864
A_PA	467	60	C	1	0	58	22.0344827586207
A_PA	468	60	C	1	0	59	20.9152542372881
A_PA	469	60	A	0	0	60	19.85
A_PA	470	58	C	2	0	57	21.5263157894737
A_PA	471	57	A	3	0	56	20.9642857142857
A_PA	472	59	A	1	0	56	18.8571428571429
A_PA	473	59	G	1	0	59	16.1186440677966
A_PA	474	60	G	0	0	58	17.4137931034483
A_PA	475	60	G	0	0	58	17.8965517241379
A_PA	476	59	C	1	0	56	17.5535714285714
A_PA	477	58	A	2	0	55	17.9636363636364
A_PA	478	58	G	2	0	56	18.5535714285714
A_PA	479	60	A	0	0	58	19.2413793103448
A_PA	480	59	C	0	0	57	17.8070175438597
A_PA	481	58	T	1	0	57	18.1228070175439
A_PA	482	59	A	0	0	58	19.7586206896552
A_PA	483	59	C	0	0	58	19.6724137931034
A_PA	484	55	A	4	0	54	15.5185185185185
A_PA	485	50	N	9	0	47	21.2127659574468
A_PA	486	49	N	10	0	49	14.4285714285714
A_PA	487	58	C	1	0	55	17.4545454545455
A_PA	488	56	T	3	0	54	21.1111111111111
A_PA	489	56	C	3	0	55	23.8727272727273
A_PA	490	57	G	2	0	56	21.5714285714286
A_PA	491	58	A	1	0	56	21.3928571428571
A_PA	492	57	C	2	0	57	20.6842105263158
A_PA	493	58	G	1	0	57	17.6491228070175
A_PA	494	59	A	0	0	58	16.8965517241379
A_PA	495	54	G	5	0	53	17.377358490566
A_PA	496	56	G	3	0	54	19.7407407407407
A_PA	497	54	A	5	0	54	19.962962962963
A_PA	498	57	A	2	0	57	18.2631578947368
A_PA	499	59	A	0	0	57	19.1052631578947
A_PA	500	58	G	1	0	57	19.8070175438597
A_PA	501	57	C	2	0	56	19.4642857142857
A_PA	502	58	A	1	0	56	17.2321428571429
A_PA	503	55	G	3	0	55	15.7818181818182
A_PA	504	57	G	1	0	55	16.8
A_PA	505	57	G	1	0	55	18.5818181818182
A_PA	506	57	C	1	0	57	18.2982456140351
A_PA	507	58	T	0	0	56	17.6428571428571
A_PA	508	58	A	0	0	55	15.4
A_PA	509	57	G	1	0	54	17.4259259259259
A_PA	510	59	G	0	0	59	21.135593220339
A_PA	511	59	A	0	0	59	19.728813559322
A_PA	512	58	T	1	0	58	21.1551724137931
A_PA	513	60	T	1	0	60	22.5
A_PA	514	50	N	12	0	49	20.8775510204082
A_PA	515	61	A	1	0	60	28.95
A_PA	516	62	A	1	0	62	25.9838709677419
A_PA	517	62	A	1	0	60	24.1166666666667
A_PA	518	61	C	2	0	59	22.8135593220339
A_PA	519	63	C	0	0	63	21.1587301587302
A_PA	520	62	A	1	0	61	18.6065573770492
A_PA	521	63	G	0	0	63	19.9206349206349
A_PA	522	63	G	0	0	60	21.3
A_PA	523	63	T	0	0	63	24.8253968253968
A_PA	524	63	T	0	0	62	25.4354838709677
A_PA	525	63	A	0	0	62	27.6129032258065
A_PA	526	63	T	0	0	61	28.327868852459
A_PA	527	63	T	0	0	62	27.9354838709677
A_PA	528	63	T	0	0	62	26.0645161290323
A_PA	529	62	A	1	0	60	24.5333333333333
A_PA	530	61	C	2	0	60	23.0166666666667
A_PA	531	61	C	2	0	60	22.7666666666667
A_PA	532	62	A	1	0	59	22.7796610169492
A_PA	533	62	T	1	0	60	23.2833333333333
A_PA	534	63	A	0	0	63	25.7142857142857
A_PA	535	63	A	0	0	62	25.5645161290323
A_PA	536	63	G	0	0	63	24.7619047619048
A_PA	537	63	A	0	0	63	27.3809523809524
A_PA	538	63	C	0	0	62	26.0645161290323
A_PA	539	53	A	10	0	53	26.1132075471698
A_PA	540	59	A	4	0	59	24.6440677966102
A_PA	541	63	G	0	0	62	20.0967741935484
A_PA	542	59	A	4	0	59	19.7966101694915
A_PA	543	63	A	0	0	62	23.0806451612903
A_PA	544	63	A	0	0	63	23.4126984126984
A_PA	545	62	T	1	0	61	22.0819672131148
A_PA	546	59	G	4	0	59	22.3050847457627
A_PA	547	62	G	1	0	60	22.0833333333333
A_PA	548	61	C	2	0	59	21.5932203389831
A_PA	549	63	C	0	0	62	20.9193548387097
A_PA	550	62	A	1	0	61	21.983606557377
A_PA	551	63	A	0	0	61	20.8688524590164
A_PA	552	62	C	1	0	59	21.5762711864407
A_PA	553	62	A	1	0	62	20.758064516129
A_PA	554	63	G	0	0	63	19.3492063492063
A_PA	555	62	A	1	0	59	17.8305084745763
A_PA	556	61	G	2	0	58	16.7068965517241
A_PA	557	60	G	2	0	60	14.8666666666667
A_PA	558	55	C	7	0	54	13.9074074074074
A_PA	559	60	C	2	0	58	13.948275862069
A_PA	560	60	T	2	0	59	16
A_PA	561	59	C	3	0	56	18.0178571428571
A_PA	562	57	T	5	0	54	17.537037037037
A_PA	563	51	N	11	0	48	18.5208333333333
A_PA	564	58	G	4	0	57	18.7017543859649
A_PA	565	60	G	2	0	59	18.2033898305085
A_PA	566	59	A	3	0	59	17.8305084745763
A_PA	567	60	T	2	0	60	16.9833333333333
A_PA	568	60	T	2	0	60	16.4666666666667
A_PA	569	61	C	1	0	60	17.6333333333333
A_PA	570	61	C	1	0	61	17.7049180327869
A_PA	571	58	T	4	0	53	17.0943396226415
A_PA	572	62	T	0	0	59	16.7457627118644
A_PA	573	62	T	0	0	62	19.2903225806452
A_PA	574	62	C	0	0	62	19.5322580645161
A_PA	575	61	G	1	0	60	21.9333333333333
A_PA	576	61	T	1	0	61	22.9180327868852
A_PA	577	62	C	0	0	62	22.6451612903226
A_PA	578	62	A	0	0	62	21.1129032258065
A_PA	579	62	A	0	0	62	20.8225806451613
A_PA	580	61	T	1	0	59	23.6779661016949
A_PA	581	58	C	4	0	56	23.25
A_PA	582	62	C	0	0	59	20.0338983050847
A_PA	583	61	G	1	0	61	22.7868852459016
A_PA	584	56	A	6	0	56	23.0714285714286
A_PA	585	60	A	2	0	60	23.4333333333333
A_PA	586	60	A	2	0	59	22.3728813559322
A_PA	587	60	G	2	0	58	19.9137931034483
A_PA	588	61	A	1	0	60	18.5166666666667
A_PA	589	58	G	4	0	57	17.4385964912281
A_PA	590	62	G	0	0	61	17.0491803278689
A_PA	591	62	C	0	0	62	17.0967741935484
A_PA	592	61	G	1	0	60	19.7166666666667
A_PA	593	61	A	1	0	61	21.2786885245902
A_PA	594	59	A	3	0	58	22.8448275862069
A_PA	595	56	G	6	0	53	26.3018867924528
A_PA	596	62	A	0	0	62	22.7258064516129
A_PA	597	62	A	0	0	62	24.5483870967742
A_PA	598	62	A	0	0	60	25.35
A_PA	599	62	C	0	0	62	24.2903225806452
A_PA	600	62	A	0	0	60	24.4333333333333
A_PA	601	62	A	0	0	62	21.5806451612903
A_PA	602	61	T	1	0	61	21.655737704918
A_PA	603	61	T	1	0	61	23.016393442623
A_PA	604	62	G	0	0	62	26.1612903225806
A_PA	605	62	A	0	0	62	26.0645161290323
A_PA	606	61	A	1	0	61	27.0983606557377
A_PA	607	61	G	1	0	61	29.9508196721311
A_PA	608	58	A	4	0	58	28.7931034482759
A_PA	609	61	A	1	0	61	29
A_PA	610	62	A	0	0	61	26.9016393442623
A_PA	611	62	A	0	0	62	26.0483870967742
A_PA	612	62	A	0	0	62	22.3548387096774
A_PA	613	61	T	1	0	61	21.4098360655738
A_PA	614	61	T	1	0	59	22.7457627118644
A_PA	615	62	T	0	0	62	23.5322580645161
A_PA	616	62	G	0	0	61	25.0819672131148
A_PA	617	62	A	0	0	62	22.9677419354839
A_PA	618	61	A	1	0	60	22.8333333333333
A_PA	619	60	A	2	0	60	24.85
A_PA	620	60	T	2	0	60	23.25
A_PA	621	62	C	0	0	62	24.5161290322581
A_PA	622	61	A	1	0	58	21.8275862068966
A_PA	623	61	C	1	0	60	19.4166666666667
A_PA	624	61	A	1	0	61	18.4426229508197
A_PA	625	61	G	1	0	60	19.3
A_PA	626	62	G	0	0	60	18.9666666666667
A_PA	627	62	A	0	0	61	17.344262295082
A_PA	628	62	A	0	0	61	18.6065573770492
A_PA	629	62	C	0	0	61	17.9180327868852
A_PA	630	62	T	0	0	59	17.6271186440678
A_PA	631	61	A	1	0	59	19.0508474576271
A_PA	632	61	T	1	0	56	20.125
A_PA	633	60	G	2	0	59	18.9661016949153
A_PA	634	59	C	2	0	55	19.4727272727273
A_PA	635	59	G	2	0	57	17.9298245614035
A_PA	636	58	C	3	0	55	18.2181818181818
A_PA	637	58	A	3	0	55	14.4909090909091
A_PA	638	58	G	3	0	54	14.7592592592593
A_PA	639	59	G	2	0	57	14.140350877193
A_PA	640	58	C	3	0	54	14.6296296296296
A_PA	641	59	T	2	0	58	16.3965517241379
A_PA	642	58	T	3	0	55	19.5454545454545
A_PA	643	58	G	3	0	53	20.0754716981132
A_PA	644	58	C	3	0	54	19.5
A_PA	645	58	C	3	0	53	19.4528301886792
A_PA	646	59	G	2	0	59	21
A_PA	647	59	A	2	0	59	20.4745762711864
A_PA	648	58	C	3	0	58	19.9827586206897
A_PA	649	59	C	2	0	57	19.1929824561403
A_PA	650	55	A	6	0	54	20.5
A_PA	651	59	A	2	0	59	19.864406779661
A_PA	652	59	A	2	0	59	18.4406779661017
A_PA	653	59	G	2	0	59	18.9661016949153
A_PA	654	58	T	3	0	56	19.6428571428571
A_PA	655	60	C	1	0	59	20.4406779661017
A_PA	656	60	T	1	0	59	20.8474576271186
A_PA	657	55	C	5	0	55	23.4181818181818
A_PA	658	57	C	2	0	57	20
A_PA	659	58	C	1	0	57	17.8070175438597
A_PA	660	57	A	2	0	55	17.0727272727273
A_PA	661	57	C	2	0	54	18.2222222222222
A_PA	662	58	C	1	0	56	18.9464285714286
A_PA	663	57	G	2	0	57	21.0526315789474
A_PA	664	57	A	2	0	57	20.9122807017544
A_PA	665	58	A	1	0	58	19.5344827586207
A_PA	666	58	C	1	0	58	21.5
A_PA	667	58	T	1	0	58	22.3793103448276
A_PA	668	57	T	2	0	55	20.8
A_PA	669	57	C	2	0	57	19.6491228070175
A_PA	670	58	T	1	0	58	16.8620689655172
A_PA	671	57	C	2	0	57	17.2982456140351
A_PA	672	58	C	1	0	58	18.1034482758621
A_PA	673	57	T	2	0	53	17
A_PA	674	57	G	2	0	55	19.5090909090909
A_PA	675	58	C	1	0	55	21.2727272727273
A_PA	676	58	C	1	0	57	18.3157894736842
A_PA	677	57	T	2	0	54	18.1851851851852
A_PA	678	57	T	2	0	54	19.1851851851852
A_PA	679	58	G	1	0	58	23.0172413793103
A_PA	680	58	A	1	0	57	22.6140350877193
A_PA	681	56	G	3	0	56	22.0357142857143
A_PA	682	58	A	1	0	58	21.3620689655172
A_PA	683	58	A	1	0	58	20.7586206896552
A_PA	684	56	T	3	0	56	23.4107142857143
A_PA	685	58	T	1	0	57	22.9649122807018
A_PA	686	58	T	1	0	58	24.1551724137931
A_PA	687	58	T	1	0	58	22.0689655172414
A_PA	688	56	A	3	0	56	20.8928571428571
A_PA	689	56	G	3	0	56	21.9285714285714
A_PA	690	57	A	2	0	57	18.2982456140351
A_PA	691	56	G	3	0	56	20.125
A_PA	692	53	C	6	0	52	18.8461538461538
A_PA	693	58	C	1	0	56	18.1785714285714
A_PA	694	58	T	1	0	58	18.7068965517241
A_PA	695	58	A	1	0	54	19.962962962963
A_PA	696	58	T	1	0	55	20.2727272727273
A_PA	697	58	G	1	0	57	19.6491228070175
A_PA	698	57	T	2	0	55	20.1272727272727
A_PA	699	57	G	2	0	56	22.3571428571429
A_PA	700	57	G	2	0	56	23.6785714285714
A_PA	701	57	A	2	0	57	23.4210526315789
A_PA	702	57	T	1	0	57	22.5964912280702
A_PA	703	56	G	2	0	56	22.5535714285714
A_PA	704	57	G	1	0	57	20.2280701754386
A_PA	705	57	A	1	0	57	19.1052631578947
A_PA	706	57	T	1	0	55	19.3454545454545
A_PA	707	57	T	1	0	56	19.875
A_PA	708	57	C	1	0	53	20.622641509434
A_PA	709	57	G	1	0	53	20.622641509434
A_PA	710	57	A	1	0	55	17.5454545454545
A_PA	711	57	A	1	0	55	16.2181818181818
A_PA	712	57	C	1	0	56	15.8214285714286
A_PA	713	57	N	1	0	49	16.5918367346939
A_PA	714	56	G	2	0	53	18.8301886792453
A_PA	715	55	A	3	0	53	19.2452830188679
A_PA	716	54	A	4	0	53	18.0754716981132
A_PA	717	54	C	4	0	52	16.9615384615385
A_PA	718	55	G	3	0	51	16.5294117647059
A_PA	719	55	G	3	0	55	15.8545454545455
A_PA	720	56	C	2	0	56	15.3035714285714
A_PA	721	56	T	2	0	52	17.8076923076923
A_PA	722	56	G	2	0	52	19.5192307692308
A_PA	723	56	C	2	0	55	19.4909090909091
A_PA	724	55	A	3	0	55	18.9636363636364
A_PA	725	57	T	1	0	54	17.9074074074074
A_PA	726	57	T	1	0	55	19.0909090909091
A_PA	727	57	G	1	0	55	20.3636363636364
A_PA	728	56	A	2	0	53	19.4716981132075
A_PA	729	53	G	5	0	53	17.9433962264151
A_PA	730	57	G	1	0	56	18.1964285714286
A_PA	731	57	G	1	0	55	18.3272727272727
A_PA	732	57	C	1	0	53	17.2641509433962
A_PA	733	56	A	2	0	55	18.3818181818182
A_PA	734	57	A	1	0	57	16.8947368421053
A_PA	735	57	G	1	0	55	15.3090909090909
A_PA	736	57	C	1	0	55	16.1272727272727
A_PA	737	55	T	3	0	55	16.7272727272727
A_PA	738	55	T	3	0	55	16.1636363636364
A_PA	739	50	N	8	0	49	19.5102040816327
A_PA	740	49	N	9	0	49	20.4285714285714
A_PA	741	55	T	3	0	54	21.9814814814815
A_PA	742	54	C	4	0	51	21.7843137254902
A_PA	743	55	A	3	0	51	19.8627450980392
A_PA	744	57	A	1	0	54	19.3703703703704
A_PA	745	56	A	2	0	56	20.0892857142857
A_PA	746	54	T	4	0	54	20.8888888888889
A_PA	747	54	G	4	0	54	20.6851851851852
A_PA	748	55	T	3	0	54	21.5
A_PA	749	56	C	2	0	56	22.25
A_PA	750	47	N	11	0	45	21.5777777777778
A_PA	751	54	A	4	0	53	24.0943396226415
A_PA	752	55	A	3	0	55	22.8181818181818
A_PA	753	56	A	2	0	55	21.1818181818182
A_PA	754	52	G	6	0	50	22.96
A_PA	755	57	A	1	0	56	18.0357142857143
A_PA	756	57	A	1	0	57	15.8947368421053
A_PA	757	57	G	1	0	56	15.625
A_PA	758	57	T	1	0	56	17.4285714285714
A_PA	759	57	G	1	0	57	20.6666666666667
A_PA	760	57	A	1	0	57	21
A_PA	761	57	A	1	0	56	22.0892857142857
A_PA	762	57	T	1	0	57	20.5964912280702
A_PA	763	57	G	1	0	57	19.4912280701754
A_PA	764	56	C	2	0	54	20.3518518518519
A_PA	765	56	C	2	0	53	20.3207547169811
A_PA	766	56	C	2	0	56	19.4821428571429
A_PA	767	56	A	2	0	55	21.5818181818182
A_PA	768	56	A	2	0	56	20.5
A_PA	769	57	A	1	0	56	18.8035714285714
A_PA	770	57	T	1	0	55	19.3818181818182
A_PA	771	57	T	1	0	57	21.2456140350877
A_PA	772	57	G	1	0	54	20.1666666666667
A_PA	773	56	A	2	0	53	18.5849056603774
A_PA	774	57	A	1	0	55	17.6909090909091
A_PA	775	57	C	1	0	55	18.4363636363636
A_PA	776	57	C	1	0	56	16.6964285714286
A_PA	777	48	N	10	0	46	16.7608695652174
A_PA	778	55	T	3	0	54	19.2407407407407
A_PA	779	55	T	3	0	54	21.8888888888889
A_PA	780	55	T	3	0	55	19.2
A_PA	781	55	C	3	0	54	19.1481481481481
A_PA	782	55	T	3	0	52	17.6538461538462
A_PA	783	55	G	3	0	54	20.4074074074074
A_PA	784	55	A	3	0	53	20.5849056603774
A_PA	785	56	A	2	0	53	19.1698113207547
A_PA	786	56	G	2	0	53	19.2830188679245
A_PA	787	57	A	1	0	55	19.2909090909091
A_PA	788	57	C	1	0	56	16.2857142857143
A_PA	789	56	A	2	0	55	17.6545454545455
A_PA	790	57	A	1	0	57	19.1578947368421
A_PA	791	57	C	1	0	55	19.2363636363636
A_PA	792	57	A	1	0	55	19.1090909090909
A_PA	793	54	C	4	0	51	20.2549019607843
A_PA	794	57	C	1	0	56	21.5714285714286
A_PA	795	57	A	1	0	56	22.6785714285714
A_PA	796	57	A	1	0	56	22.125
A_PA	797	57	G	1	0	56	21
A_PA	798	56	A	2	0	56	20.5178571428571
A_PA	799	56	C	2	0	53	20.9811320754717
A_PA	800	57	C	1	0	53	21.8867924528302
A_PA	801	57	A	1	0	56	24.1071428571429
A_PA	802	57	A	1	0	56	23.7678571428571
A_PA	803	56	T	2	0	55	24.7090909090909
A_PA	804	57	C	1	0	57	24.6666666666667
A_PA	805	57	A	1	0	57	21.2105263157895
A_PA	806	57	A	1	0	57	20.4385964912281
A_PA	807	57	A	1	0	56	19.9107142857143
A_PA	808	56	C	2	0	54	20.7777777777778
A_PA	809	56	T	2	0	53	20.6981132075472
A_PA	810	55	T	3	0	53	20.7547169811321
A_PA	811	55	C	3	0	54	21.3333333333333
A_PA	812	56	C	2	0	55	19.9272727272727
A_PA	813	56	T	2	0	54	18.462962962963
A_PA	814	57	A	1	0	55	20.8545454545455
A_PA	815	57	G	1	0	55	19.7090909090909
A_PA	816	56	T	2	0	55	18.6363636363636
A_PA	817	57	G	1	0	56	19.8928571428571
A_PA	818	57	G	1	0	55	18.9818181818182
A_PA	819	57	A	1	0	56	18.9642857142857
A_PA	820	55	C	3	0	52	20.0769230769231
A_PA	821	57	C	1	0	56	16.3214285714286
A_PA	822	57	T	1	0	57	14.5438596491228
A_PA	823	52	C	6	0	52	14.9423076923077
A_PA	824	54	C	4	0	52	14.9230769230769
A_PA	825	48	N	10	0	45	16.5111111111111
A_PA	826	56	T	2	0	54	18.8888888888889
A_PA	827	56	G	2	0	53	19.1698113207547
A_PA	828	57	T	1	0	53	18.2830188679245
A_PA	829	57	T	1	0	54	19.0740740740741
A_PA	830	56	A	2	0	55	17.4
A_PA	831	54	T	4	0	54	16.5925925925926
A_PA	832	56	C	2	0	55	16.7090909090909
A_PA	833	56	A	2	0	54	14.0925925925926
A_PA	834	52	N	6	0	44	11.8863636363636
A_PA	835	52	N	6	0	44	12.3636363636364
A_PA	836	54	G	4	0	52	17.1153846153846
A_PA	837	56	A	2	0	56	16.4285714285714
A_PA	838	56	T	2	0	55	17.3818181818182
A_PA	839	54	C	4	0	51	19.5882352941176
A_PA	840	57	C	1	0	56	19
A_PA	841	57	A	1	0	57	17.859649122807
A_PA	842	57	A	1	0	57	16.9649122807018
A_PA	843	57	A	1	0	56	18.1607142857143
A_PA	844	57	T	1	0	57	17.719298245614
A_PA	845	57	T	1	0	56	19.3571428571429
A_PA	846	53	C	5	0	50	20.5
A_PA	847	57	C	1	0	55	20.8363636363636
A_PA	848	56	T	2	0	55	19.4545454545455
A_PA	849	57	T	1	0	55	19.6181818181818
A_PA	850	57	C	1	0	57	19.6666666666667
A_PA	851	57	T	1	0	57	16.719298245614
A_PA	852	57	G	1	0	57	20.280701754386
A_PA	853	57	A	1	0	57	21.5964912280702
A_PA	854	57	T	1	0	57	22.6315789473684
A_PA	855	57	G	1	0	57	22.9473684210526
A_PA	856	57	G	1	0	57	23.2982456140351
A_PA	857	57	A	1	0	57	22.2105263157895
A_PA	858	57	T	1	0	57	21.5614035087719
A_PA	859	57	G	1	0	56	20.625
A_PA	860	55	C	3	0	55	20.0363636363636
A_PA	861	51	N	7	0	49	20.3877551020408
A_PA	862	52	T	6	0	52	20.6923076923077
A_PA	863	56	T	2	0	56	22.375
A_PA	864	56	G	2	0	56	23.3571428571429
A_PA	865	57	A	1	0	57	21.5263157894737
A_PA	866	57	A	1	0	57	22.8947368421053
A_PA	867	57	A	1	0	57	22.3859649122807
A_PA	868	57	T	1	0	56	19.7142857142857
A_PA	869	57	T	1	0	57	21.2982456140351
A_PA	870	57	G	1	0	56	21.1071428571429
A_PA	871	54	A	4	0	53	21.6037735849057
A_PA	872	56	G	2	0	55	18
A_PA	873	56	C	2	0	54	18.6481481481481
A_PA	874	56	A	2	0	56	18.7857142857143
A_PA	875	55	T	3	0	54	18.4814814814815
A_PA	876	56	T	2	0	54	20.462962962963
A_PA	877	56	G	2	0	55	21.9090909090909
A_PA	878	57	A	1	0	56	21.6071428571429
A_PA	879	56	A	2	0	52	20.5769230769231
A_PA	880	56	G	2	0	54	19.1666666666667
A_PA	881	54	A	3	0	52	16.8076923076923
A_PA	882	54	C	3	0	52	16.8846153846154
A_PA	883	54	C	3	0	54	17.2592592592593
A_PA	884	55	C	2	0	53	17.811320754717
A_PA	885	54	A	3	0	52	20.8269230769231
A_PA	886	55	A	2	0	53	20.3396226415094
A_PA	887	56	G	1	0	53	19.3207547169811
A_PA	888	56	T	1	0	56	17.3928571428571
A_PA	889	56	C	1	0	55	17.9636363636364
A_PA	890	54	A	3	0	53	16.6981132075472
A_PA	891	54	N	3	0	48	18.8541666666667
A_PA	892	53	G	4	0	52	20
A_PA	893	54	A	3	0	54	19.7962962962963
A_PA	894	55	A	2	0	55	18.0363636363636
A_PA	895	54	G	3	0	54	19.5
A_PA	896	55	G	2	0	54	20.6481481481481
A_PA	897	55	A	2	0	55	20.3272727272727
A_PA	898	53	G	4	0	53	20.7358490566038
A_PA	899	54	A	3	0	53	17.5849056603774
A_PA	900	54	A	3	0	53	14.3207547169811
A_PA	901	39	N	18	0	38	13.6842105263158
A_PA	902	56	G	1	0	56	16.7857142857143
A_PA	903	56	G	1	0	56	17.5535714285714
A_PA	904	56	A	1	0	56	17
A_PA	905	55	T	2	0	55	20.2545454545455
A_PA	906	52	C	5	0	52	21
A_PA	907	55	C	2	0	55	20.8727272727273
A_PA	908	56	C	1	0	56	19.1428571428571
A_PA	909	56	A	1	0	56	20.0357142857143
A_PA	910	56	T	1	0	54	21.4814814814815
A_PA	911	54	T	3	0	54	32.3888888888889
A_PA	912	53	A	4	0	53	27.7547169811321
A_PA	913	56	T	1	0	55	22.7090909090909
A_PA	914	56	A	1	0	55	23.4181818181818
A_PA	915	56	T	1	0	55	20.5818181818182
A_PA	916	56	G	1	0	55	22.0727272727273
A_PA	917	56	A	1	0	56	20.8392857142857
A_PA	918	55	T	2	0	55	20.6363636363636
A_PA	919	55	G	2	0	52	21.0576923076923
A_PA	920	54	C	3	0	54	17.962962962963
A_PA	921	55	A	2	0	55	19.5272727272727
A_PA	922	55	A	2	0	55	19.1454545454545
A_PA	923	55	T	2	0	55	21.1636363636364
A_PA	924	56	C	1	0	56	21.8392857142857
A_PA	925	56	A	1	0	55	20.7272727272727
A_PA	926	56	A	1	0	55	18.5272727272727
A_PA	927	56	G	1	0	55	16.8181818181818
A_PA	928	56	T	1	0	55	17.9090909090909
A_PA	929	55	G	2	0	55	18.4545454545455
A_PA	930	54	C	3	0	54	18.3888888888889
A_PA	931	51	A	6	0	51	20.4509803921569
A_PA	932	52	N	5	0	49	21.3673469387755
A_PA	933	52	N	5	0	47	25.4893617021277
A_PA	934	54	A	3	0	53	25.5471698113208
A_PA	935	56	A	1	0	56	24.8571428571429
A_PA	936	56	A	1	0	55	26.9636363636364
A_PA	937	56	A	1	0	52	24.8846153846154
A_PA	938	56	C	1	0	55	21.8181818181818
A_PA	939	56	A	1	0	55	20.8727272727273
A_PA	940	54	T	3	0	53	21.3962264150943
A_PA	941	54	T	3	0	53	23.1320754716981
A_PA	942	55	C	2	0	55	24.1454545454545
A_PA	943	55	T	2	0	53	22.2075471698113
A_PA	944	55	T	2	0	54	19.6296296296296
A_PA	945	56	T	1	0	55	18.4363636363636
A_PA	946	43	N	14	0	41	20.2926829268293
A_PA	947	56	G	1	0	56	21.1607142857143
A_PA	948	56	A	1	0	56	20.5892857142857
A_PA	949	56	T	1	0	56	21.2857142857143
A_PA	950	56	G	1	0	56	21.8571428571429
A_PA	951	56	G	1	0	56	24.7321428571429
A_PA	952	52	A	5	0	52	24.0576923076923
A_PA	953	56	A	1	0	56	25.1785714285714
A_PA	954	56	A	1	0	56	24.5714285714286
A_PA	955	56	G	1	0	55	22.9454545454545
A_PA	956	56	A	1	0	55	19.2
A_PA	957	56	A	1	0	55	17.4727272727273
A_PA	958	55	C	2	0	55	17.1454545454545
A_PA	959	55	C	2	0	53	14.188679245283
A_PA	960	53	T	4	0	50	16.6
A_PA	961	56	T	1	0	55	17.6727272727273
A_PA	962	56	G	1	0	54	19.0185185185185
A_PA	963	56	T	1	0	52	20.5
A_PA	964	56	A	1	0	56	21.4107142857143
A_PA	965	55	T	2	0	54	22.0185185185185
A_PA	966	56	A	1	0	56	21.1785714285714
A_PA	967	56	G	1	0	54	21.3148148148148
A_PA	968	56	T	1	0	52	22.5961538461538
A_PA	969	56	C	1	0	55	23.4909090909091
A_PA	970	56	A	1	0	56	22.9107142857143
A_PA	971	56	A	1	0	56	21.3035714285714
A_PA	972	56	A	1	0	55	22.4545454545455
A_PA	973	56	C	1	0	55	22.5454545454545
A_PA	974	55	C	2	0	54	28.8333333333333
A_PA	975	54	A	3	0	54	20.1296296296296
A_PA	976	55	C	2	0	54	21.4444444444444
A_PA	977	55	A	2	0	55	20.7454545454545
A_PA	978	54	C	3	0	51	20.7058823529412
A_PA	979	53	G	4	0	52	20.3461538461538
A_PA	980	51	A	6	0	51	20.1960784313725
A_PA	981	51	A	6	0	51	21.7843137254902
A_PA	982	52	A	5	0	51	19.7450980392157
A_PA	983	52	A	5	0	52	16.7115384615385
A_PA	984	48	N	9	0	45	16.6666666666667
A_PA	985	54	G	3	0	52	19.1346153846154
A_PA	986	56	G	1	0	55	18.8727272727273
A_PA	987	55	A	2	0	55	18.8545454545455
A_PA	988	55	A	2	0	55	21.0545454545455
A_PA	989	54	T	3	0	54	21.9259259259259
A_PA	990	53	A	4	0	52	23.6346153846154
A_PA	991	55	A	2	0	55	20.9818181818182
A_PA	992	56	A	1	0	55	20.2363636363636
A_PA	993	56	T	1	0	56	20.125
A_PA	994	54	T	3	0	54	22.5740740740741
A_PA	995	54	C	3	0	54	24.6851851851852
A_PA	996	56	A	1	0	55	26.6
A_PA	997	56	A	1	0	56	27.3035714285714
A_PA	998	56	A	1	0	55	25.2181818181818
A_PA	999	56	T	1	0	56	25.5
A_PA	1000	56	T	1	0	55	25.8
A_PA	1001	56	A	1	0	56	25.5357142857143
A_PA	1002	56	T	1	0	56	24.9642857142857
A_PA	1003	56	C	1	0	56	22.25
A_PA	1004	55	T	2	0	55	21.0909090909091
A_PA	1005	55	G	2	0	54	20.5740740740741
A_PA	1006	55	C	2	0	55	19.6
A_PA	1007	56	T	1	0	56	21.7678571428571
A_PA	1008	56	G	1	0	56	22.7678571428571
A_PA	1009	54	T	3	0	53	23.3962264150943
A_PA	1010	54	C	3	0	54	22.9814814814815
A_PA	1011	54	A	3	0	52	22.2115384615385
A_PA	1012	56	T	1	0	54	23.462962962963
A_PA	1013	56	G	1	0	56	22.5178571428571
A_PA	1014	56	G	1	0	55	22.2545454545455
A_PA	1015	57	A	1	0	56	20.5357142857143
A_PA	1016	57	A	1	0	56	21.3214285714286
A_PA	1017	57	G	1	0	57	19.5263157894737
A_PA	1018	56	C	2	0	54	20.2407407407407
A_PA	1019	56	A	2	0	55	19.2727272727273
A_PA	1020	56	A	2	0	56	18.6428571428571
A_PA	1021	55	G	3	0	55	16.9818181818182
A_PA	1022	56	T	2	0	56	17.3214285714286
A_PA	1023	57	A	1	0	57	17.0526315789474
A_PA	1024	57	C	1	0	53	17.4150943396226
A_PA	1025	56	T	2	0	56	20.1607142857143
A_PA	1026	56	G	2	0	54	22.0185185185185
A_PA	1027	56	T	2	0	55	22.3454545454545
A_PA	1028	56	C	2	0	55	22.4
A_PA	1029	57	A	1	0	54	20.7222222222222
A_PA	1030	53	G	5	0	51	19.9803921568627
A_PA	1031	56	A	2	0	56	18.0535714285714
A_PA	1032	55	A	3	0	54	17.6111111111111
A_PA	1033	54	N	4	0	49	17.7551020408163
A_PA	1034	56	T	2	0	53	19.1509433962264
A_PA	1035	55	G	3	0	53	18.188679245283
A_PA	1036	54	C	4	0	50	17.88
A_PA	1037	54	A	4	0	53	17.2452830188679
A_PA	1038	56	G	2	0	55	16.8909090909091
A_PA	1039	56	G	2	0	54	19.4814814814815
A_PA	1040	56	A	2	0	56	20.2321428571429
A_PA	1041	57	C	1	0	56	22.0535714285714
A_PA	1042	57	A	1	0	56	21.5178571428571
A_PA	1043	56	T	2	0	56	20.25
A_PA	1044	57	T	1	0	56	21.5357142857143
A_PA	1045	58	G	1	0	58	22.8103448275862
A_PA	1046	60	A	1	0	60	23.1
A_PA	1047	69	A	1	0	69	24.3768115942029
A_PA	1048	71	A	1	0	71	25.7183098591549
A_PA	1049	71	A	1	0	71	24.4929577464789
A_PA	1050	71	T	1	0	70	21.6142857142857
A_PA	1051	69	G	4	0	68	21.1323529411765
A_PA	1052	69	A	4	0	69	19.9565217391304
A_PA	1053	61	G	12	0	60	17.7666666666667
A_PA	1054	71	G	3	0	70	19.6428571428571
A_PA	1055	72	A	2	0	71	21.3661971830986
A_PA	1056	71	G	3	0	71	20.1408450704225
A_PA	1057	73	A	1	0	73	22.8493150684932
A_PA	1058	73	A	1	0	73	20.958904109589
A_PA	1059	73	G	1	0	71	17.8732394366197
A_PA	1060	74	A	1	0	74	20.3378378378378
A_PA	1061	74	T	1	0	74	20.4189189189189
A_PA	1062	74	T	1	0	73	20.7671232876712
A_PA	1063	63	C	12	0	62	22.258064516129
A_PA	1064	71	C	4	0	68	21.5588235294118
A_PA	1065	71	A	4	0	70	20
A_PA	1066	74	A	1	0	73	19.972602739726
A_PA	1067	73	G	2	0	72	20.2222222222222
A_PA	1068	75	A	1	0	74	20.9864864864865
A_PA	1069	74	A	2	0	72	22.3055555555556
A_PA	1070	74	C	2	0	71	22.112676056338
A_PA	1071	75	T	1	0	73	22.7534246575342
A_PA	1072	70	A	6	0	66	25.2878787878788
A_PA	1073	75	A	1	0	71	25.8169014084507
A_PA	1074	75	A	1	0	74	24.527027027027
A_PA	1075	75	A	1	0	73	26.2876712328767
A_PA	1076	75	A	1	0	74	23.7837837837838
A_PA	1077	75	C	1	0	75	22.48
A_PA	1078	75	A	1	0	73	21.5753424657534
A_PA	1079	74	T	2	0	72	22.2222222222222
A_PA	1080	75	G	1	0	73	23.9452054794521
A_PA	1081	74	A	2	0	74	22.8513513513514
A_PA	1082	75	A	1	0	75	22.7333333333333
A_PA	1083	74	G	2	0	74	25.6621621621622
A_PA	1084	71	A	5	0	71	24.8450704225352
A_PA	1085	75	A	1	0	75	22.36
A_PA	1086	75	A	1	0	74	21.5
A_PA	1087	75	A	1	0	74	20.2702702702703
A_PA	1088	75	C	1	0	73	19.1643835616438
A_PA	1089	73	G	3	0	70	18.2142857142857
A_PA	1090	75	A	1	0	74	19.0945945945946
A_PA	1091	73	G	3	0	72	19.0972222222222
A_PA	1092	75	T	1	0	75	20.0666666666667
A_PA	1093	75	C	1	0	73	19.4383561643836
A_PA	1094	75	A	1	0	75	19.2266666666667
A_PA	1095	75	A	1	0	73	18.1095890410959
A_PA	1096	75	C	1	0	75	15.0533333333333
A_PA	1097	73	T	3	0	71	15.2253521126761
A_PA	1098	72	G	4	0	70	20.3428571428571
A_PA	1099	71	A	5	0	70	18.2714285714286
A_PA	1100	71	A	5	0	69	17.3333333333333
A_PA	1101	71	G	5	0	70	17.7571428571429
A_PA	1102	73	T	3	0	68	18.5294117647059
A_PA	1103	70	G	6	0	70	18.3571428571429
A_PA	1104	74	G	2	0	71	17.5492957746479
A_PA	1105	75	G	1	0	72	16.5972222222222
A_PA	1106	74	C	2	0	74	17.7162162162162
A_PA	1107	72	T	4	0	70	15.4428571428571
A_PA	1108	73	C	3	0	71	15.6197183098592
A_PA	1109	64	T	12	0	62	19.241935483871
A_PA	1110	72	T	4	0	71	20.1549295774648
A_PA	1111	70	G	6	0	68	19.6323529411765
A_PA	1112	75	G	1	0	70	16.8142857142857
A_PA	1113	72	T	4	0	67	17.6268656716418
A_PA	1114	72	G	4	0	71	21.2253521126761
A_PA	1115	69	A	7	0	67	21.8805970149254
A_PA	1116	70	A	6	0	68	21.3676470588235
A_PA	1117	71	A	5	0	69	21.768115942029
A_PA	1118	73	A	3	0	67	20.9253731343284
A_PA	1119	73	C	3	0	70	19.3428571428571
A_PA	1120	73	A	3	0	72	17.5694444444444
A_PA	1121	71	T	5	0	68	17.3088235294118
A_PA	1122	69	G	7	0	64	18.5625
A_PA	1123	73	G	3	0	71	17.0704225352113
A_PA	1124	73	C	3	0	69	17.231884057971
A_PA	1125	75	A	1	0	74	17.0540540540541
A_PA	1126	72	C	4	0	67	18.5820895522388
A_PA	1127	72	C	4	0	67	19.7910447761194
A_PA	1128	65	A	11	0	64	28.0625
A_PA	1129	65	G	11	0	65	24.5230769230769
A_PA	1130	73	A	3	0	73	20.9041095890411
A_PA	1131	73	G	3	0	71	26.2816901408451
A_PA	1132	73	A	3	0	69	20.8840579710145
A_PA	1133	75	A	1	0	74	17.3243243243243
A_PA	1134	74	G	2	0	73	16.8630136986301
A_PA	1135	75	G	1	0	75	17.9066666666667
A_PA	1136	75	T	1	0	75	17.4666666666667
A_PA	1137	73	A	3	0	72	18.5555555555556
A_PA	1138	75	G	1	0	75	19.5466666666667
A_PA	1139	75	A	1	0	74	19.6081081081081
A_PA	1140	74	C	2	0	74	18.7027027027027
A_PA	1141	72	T	4	0	71	18.3943661971831
A_PA	1142	74	T	2	0	74	21
A_PA	1143	74	T	2	0	71	22.2676056338028
A_PA	1144	73	G	3	0	72	22.4722222222222
A_PA	1145	71	A	5	0	69	22.3913043478261
A_PA	1146	73	A	3	0	71	22.3802816901408
A_PA	1147	74	A	2	0	74	22.3243243243243
A_PA	1148	73	A	3	0	70	22.2142857142857
A_PA	1149	73	C	3	0	72	20.1944444444444
A_PA	1150	74	T	2	0	71	19.9577464788732
A_PA	1151	73	G	3	0	69	20.4202898550725
A_PA	1152	73	C	3	0	71	19.5915492957746
A_PA	1153	72	A	4	0	71	24.2112676056338
A_PA	1154	73	G	3	0	73	25.6164383561644
A_PA	1155	73	A	3	0	70	19.2714285714286
A_PA	1156	73	G	3	0	70	30.2285714285714
A_PA	1157	74	A	2	0	72	31.2777777777778
A_PA	1158	74	C	2	0	72	18
A_PA	1159	74	A	2	0	74	17.3243243243243
A_PA	1160	74	T	2	0	73	18.7808219178082
A_PA	1161	73	A	3	0	72	17.7083333333333
A_PA	1162	72	A	4	0	71	17.0985915492958
A_PA	1163	73	G	3	0	70	15.3142857142857
A_PA	1164	74	C	2	0	73	15.5753424657534
A_PA	1165	73	G	3	0	72	18.9166666666667
A_PA	1166	70	A	6	0	69	20.9710144927536
A_PA	1167	69	T	7	0	68	20.0588235294118
A_PA	1168	71	T	5	0	70	20.4428571428571
A_PA	1169	72	T	4	0	70	22.4285714285714
A_PA	1170	75	G	1	0	75	22.8933333333333
A_PA	1171	74	A	2	0	74	21.7837837837838
A_PA	1172	74	A	2	0	73	20.4794520547945
A_PA	1173	75	G	1	0	73	19.013698630137
A_PA	1174	75	C	1	0	73	18.9041095890411
A_PA	1175	75	A	1	0	75	20.3466666666667
A_PA	1176	75	A	1	0	75	19.8
A_PA	1177	75	T	1	0	74	22.0540540540541
A_PA	1178	75	A	1	0	75	22.8533333333333
A_PA	1179	75	T	1	0	73	22.2739726027397
A_PA	1180	75	G	1	0	75	24.16
A_PA	1181	74	A	2	0	73	22.9452054794521
A_PA	1182	74	C	2	0	74	21.1891891891892
A_PA	1183	74	A	2	0	74	18.7702702702703
A_PA	1184	73	G	3	0	71	18.5774647887324
A_PA	1185	73	T	3	0	71	19.7042253521127
A_PA	1186	74	G	2	0	73	21.8082191780822
A_PA	1187	74	A	2	0	73	22.1095890410959
A_PA	1188	73	A	3	0	73	22.3698630136986
A_PA	1189	73	G	3	0	73	21.3013698630137
A_PA	1190	75	A	1	0	75	20.8
A_PA	1191	75	A	1	0	75	19.8533333333333
A_PA	1192	72	C	4	0	70	19.3571428571429
A_PA	1193	74	C	2	0	71	18.2957746478873
A_PA	1194	74	T	2	0	70	17.5
A_PA	1195	72	G	4	0	71	19.9154929577465
A_PA	1196	72	A	4	0	71	19.2253521126761
A_PA	1197	74	G	2	0	72	18.125
A_PA	1198	73	T	3	0	72	18.4166666666667
A_PA	1199	74	T	2	0	73	19.0958904109589
A_PA	1200	69	A	7	0	69	20.6811594202899
A_PA	1201	73	A	3	0	73	18.9315068493151
A_PA	1202	73	G	3	0	70	17.9857142857143
A_PA	1203	75	G	1	0	74	19.9324324324324
A_PA	1204	75	A	1	0	75	18.6666666666667
A_PA	1205	75	C	1	0	74	18.3648648648649
A_PA	1206	74	A	2	0	72	17.2083333333333
A_PA	1207	73	C	3	0	70	18.8
A_PA	1208	74	T	2	0	73	18.2054794520548
A_PA	1209	74	T	2	0	72	18.0416666666667
A_PA	1210	73	T	3	0	70	19.2428571428571
A_PA	1211	73	C	3	0	72	18.9861111111111
A_PA	1212	73	A	3	0	72	17.6388888888889
A_PA	1213	74	A	2	0	72	16.2222222222222
A_PA	1214	74	G	2	0	72	15.9583333333333
A_PA	1215	75	C	1	0	75	14.8266666666667
A_PA	1216	74	T	2	0	72	15.5
A_PA	1217	65	G	11	0	65	16.4769230769231
A_PA	1218	75	G	1	0	75	20.76
A_PA	1219	74	A	2	0	73	20.6849315068493
A_PA	1220	73	T	3	0	71	21.5070422535211
A_PA	1221	74	A	2	0	72	22.2222222222222
A_PA	1222	74	C	2	0	73	23
A_PA	1223	74	A	2	0	73	24.6027397260274
A_PA	1224	74	A	2	0	74	22.6891891891892
A_PA	1225	74	A	2	0	74	20.2837837837838
A_PA	1226	74	G	2	0	72	20.6388888888889
A_PA	1227	73	T	3	0	72	19.3333333333333
A_PA	1228	73	G	3	0	72	21.0138888888889
A_PA	1229	75	A	1	0	74	18.2972972972973
A_PA	1230	75	G	1	0	75	18.0933333333333
A_PA	1231	75	T	1	0	74	19.3783783783784
A_PA	1232	75	T	1	0	74	19.4054054054054
A_PA	1233	75	C	1	0	74	20.5540540540541
A_PA	1234	75	A	1	0	73	23.4383561643836
A_PA	1235	75	A	1	0	71	22.4366197183099
A_PA	1236	75	C	1	0	73	22.7260273972603
A_PA	1237	75	A	1	0	74	22.9864864864865
A_PA	1238	74	A	2	0	74	20.8243243243243
A_PA	1239	71	G	5	0	71	20
A_PA	1240	73	G	3	0	72	20.1527777777778
A_PA	1241	71	C	5	0	71	19.6478873239437
A_PA	1242	74	C	2	0	72	19.2638888888889
A_PA	1243	74	T	2	0	72	19.3611111111111
A_PA	1244	74	G	2	0	68	20.3529411764706
A_PA	1245	75	T	1	0	69	19.5942028985507
A_PA	1246	75	G	1	0	74	19.5
A_PA	1247	75	A	1	0	74	17.2837837837838
A_PA	1248	74	G	2	0	72	17.7777777777778
A_PA	1249	75	C	1	0	75	17.3866666666667
A_PA	1250	75	T	1	0	74	17.0405405405405
A_PA	1251	74	A	2	0	74	19.3378378378378
A_PA	1252	74	A	2	0	74	19.3918918918919
A_PA	1253	74	C	2	0	74	19.3378378378378
A_PA	1254	74	T	2	0	72	20.7916666666667
A_PA	1255	75	G	1	0	73	21.972602739726
A_PA	1256	74	A	2	0	74	22.1621621621622
A_PA	1257	73	T	3	0	73	23.986301369863
A_PA	1258	75	T	1	0	74	22.972972972973
A_PA	1259	74	C	2	0	74	23.2027027027027
A_PA	1260	74	A	2	0	72	20.4027777777778
A_PA	1261	75	G	1	0	73	19.4931506849315
A_PA	1262	74	T	2	0	72	19.625
A_PA	1263	73	C	3	0	72	16.8055555555556
A_PA	1264	75	T	1	0	75	14.9733333333333
A_PA	1265	60	G	16	0	57	17.7368421052632
A_PA	1266	73	G	3	0	73	22.7123287671233
A_PA	1267	74	A	2	0	74	23.1351351351351
A_PA	1268	74	T	2	0	72	22.8333333333333
A_PA	1269	74	A	2	0	73	21.1095890410959
A_PA	1270	74	G	2	0	74	16.5945945945946
A_PA	1271	74	A	2	0	74	15.027027027027
A_PA	1272	73	G	3	0	70	15.5142857142857
A_PA	1273	71	C	5	0	71	13.112676056338
A_PA	1274	75	T	1	0	71	13.943661971831
A_PA	1275	71	C	5	0	67	15.5671641791045
A_PA	1276	73	G	3	0	71	18.2394366197183
A_PA	1277	73	A	3	0	73	18.4657534246575
A_PA	1278	73	T	3	0	71	19.6619718309859
A_PA	1279	71	G	5	0	70	19.1714285714286
A_PA	1280	70	A	6	0	66	16.8939393939394
A_PA	1281	73	A	3	0	69	16.0144927536232
A_PA	1282	72	A	4	0	67	14.0746268656716
A_PA	1283	71	T	5	0	59	12.6610169491525
A_PA	1284	74	T	2	0	70	12.1
A_PA	1285	67	G	9	0	61	13.7704918032787
A_PA	1286	71	G	5	0	71	26.943661971831
A_PA	1287	72	A	4	0	72	27.1527777777778
A_PA	1288	74	G	2	0	73	16.7945205479452
A_PA	1289	75	A	1	0	75	16.7466666666667
A_PA	1290	73	G	3	0	73	17.7260273972603
A_PA	1291	75	G	1	0	74	16.3378378378378
A_PA	1292	75	A	1	0	74	16.2702702702703
A_PA	1293	74	C	2	0	72	17.5
A_PA	1294	71	G	5	0	67	15.8955223880597
A_PA	1295	72	T	4	0	70	15.8142857142857
A_PA	1296	73	A	3	0	68	15.9852941176471
A_PA	1297	75	G	1	0	72	13.9583333333333
A_PA	1298	72	C	4	0	69	15.231884057971
A_PA	1299	75	C	1	0	73	13.4246575342466
A_PA	1300	75	C	1	0	70	13.6142857142857
A_PA	1301	73	C	3	0	67	15.4925373134328
A_PA	1302	70	A	6	0	70	17.4857142857143
A_PA	1303	75	A	1	0	74	16.7702702702703
A_PA	1304	75	T	1	0	67	16.955223880597
A_PA	1305	75	T	1	0	74	20.1891891891892
A_PA	1306	73	G	3	0	70	20.4428571428571
A_PA	1307	72	A	4	0	71	21.6619718309859
A_PA	1308	74	A	2	0	74	23.0540540540541
A_PA	1309	74	C	2	0	71	24.1267605633803
A_PA	1310	72	A	4	0	72	21.125
A_PA	1311	70	C	6	0	70	26.8857142857143
A_PA	1312	71	A	5	0	71	24.7605633802817
A_PA	1313	73	T	3	0	68	22.3382352941176
A_PA	1314	74	T	2	0	71	22.943661971831
A_PA	1315	73	G	3	0	70	20.2571428571429
A_PA	1316	73	C	3	0	72	19.1805555555556
A_PA	1317	73	A	3	0	72	19.6805555555556
A_PA	1318	74	A	2	0	74	18.9189189189189
A_PA	1319	75	G	1	0	69	18.6811594202899
A_PA	1320	74	C	2	0	73	19.6438356164384
A_PA	1321	74	A	2	0	74	19.9189189189189
A_PA	1322	73	T	3	0	72	20.0555555555556
A_PA	1323	72	G	4	0	71	22.2394366197183
A_PA	1324	71	A	5	0	70	22.0142857142857
A_PA	1325	73	G	3	0	73	19.7945205479452
A_PA	1326	72	A	4	0	72	16.4027777777778
A_PA	1327	73	A	3	0	72	15.9583333333333
A_PA	1328	68	G	8	0	65	19.2
A_PA	1329	73	G	3	0	70	19.6571428571429
A_PA	1330	71	A	5	0	71	19.1830985915493
A_PA	1331	70	A	6	0	70	17.3142857142857
A_PA	1332	69	T	7	0	69	15.695652173913
A_PA	1333	75	T	1	0	73	15.7260273972603
A_PA	1334	75	A	1	0	73	14.3698630136986
A_PA	1335	71	C	5	0	71	14.5492957746479
A_PA	1336	70	T	6	0	70	15.8857142857143
A_PA	1337	71	T	5	0	67	18.044776119403
A_PA	1338	72	C	4	0	69	21.1739130434783
A_PA	1339	74	A	2	0	72	20.1944444444444
A_PA	1340	73	C	3	0	70	20.4
A_PA	1341	73	A	3	0	71	20.5070422535211
A_PA	1342	72	G	4	0	70	19.8142857142857
A_PA	1343	73	C	3	0	69	21.0289855072464
A_PA	1344	72	A	4	0	70	20.8714285714286
A_PA	1345	70	G	6	0	69	17.0724637681159
A_PA	1346	73	A	3	0	69	17.4927536231884
A_PA	1347	72	G	4	0	67	18.0597014925373
A_PA	1348	72	G	4	0	71	16.7746478873239
A_PA	1349	73	T	3	0	71	14.887323943662
A_PA	1350	72	G	4	0	64	16.203125
A_PA	1351	74	T	2	0	73	17.8904109589041
A_PA	1352	73	C	3	0	70	19.8142857142857
A_PA	1353	74	T	2	0	69	19.2608695652174
A_PA	1354	73	C	3	0	73	20.5479452054795
A_PA	1355	73	A	3	0	72	20.9027777777778
A_PA	1356	72	T	4	0	71	21.2394366197183
A_PA	1357	73	T	3	0	73	21.8356164383562
A_PA	1358	75	G	1	0	74	19.6216216216216
A_PA	1359	75	C	1	0	74	20.4324324324324
A_PA	1360	75	A	1	0	72	21.125
A_PA	1361	75	G	1	0	75	19.1866666666667
A_PA	1362	74	A	2	0	73	19.3013698630137
A_PA	1363	75	G	1	0	75	17.9733333333333
A_PA	1364	74	C	2	0	74	17.8108108108108
A_PA	1365	71	T	5	0	71	19.2394366197183
A_PA	1366	73	A	3	0	71	18.4647887323944
A_PA	1367	74	C	2	0	73	18.4520547945205
A_PA	1368	73	T	3	0	70	19.2285714285714
A_PA	1369	74	G	2	0	73	21.1095890410959
A_PA	1370	74	A	2	0	72	21.9722222222222
A_PA	1371	74	A	2	0	73	21.0958904109589
A_PA	1372	74	T	2	0	72	21.0277777777778
A_PA	1373	73	A	3	0	71	21.5774647887324
A_PA	1374	73	C	3	0	72	20.9583333333333
A_PA	1375	71	A	5	0	71	21.3239436619718
A_PA	1376	71	T	5	0	70	21.7
A_PA	1377	73	A	3	0	73	23.8219178082192
A_PA	1378	74	A	2	0	74	22.1756756756757
A_PA	1379	73	T	3	0	73	22.7534246575342
A_PA	1380	75	G	1	0	74	23.6216216216216
A_PA	1381	72	A	4	0	71	23.7746478873239
A_PA	1382	73	A	3	0	73	19.972602739726
A_PA	1383	73	A	3	0	73	17.3013698630137
A_PA	1384	66	G	10	0	64	17.890625
A_PA	1385	70	G	6	0	65	15.3384615384615
A_PA	1386	71	G	5	0	69	15.4057971014493
A_PA	1387	69	G	7	0	67	15.8955223880597
A_PA	1388	68	T	8	0	66	15.8333333333333
A_PA	1389	69	A	7	0	67	17.4328358208955
A_PA	1390	72	T	4	0	68	18.3235294117647
A_PA	1391	72	A	4	0	68	19.7794117647059
A_PA	1392	72	C	4	0	70	19.8
A_PA	1393	72	A	4	0	72	19.4027777777778
A_PA	1394	72	T	4	0	71	19.1830985915493
A_PA	1395	71	T	5	0	70	20.9142857142857
A_PA	1396	73	A	3	0	71	22.112676056338
A_PA	1397	73	A	3	0	71	21.0281690140845
A_PA	1398	74	T	2	0	72	20.5694444444444
A_PA	1399	74	A	2	0	74	20.1756756756757
A_PA	1400	74	C	2	0	74	19.2567567567568
A_PA	1401	72	T	4	0	71	19.3098591549296
A_PA	1402	72	G	4	0	72	19.5972222222222
A_PA	1403	65	C	11	0	64	20.640625
A_PA	1404	72	C	4	0	72	20.1388888888889
A_PA	1405	73	C	3	0	72	18.4305555555556
A_PA	1406	71	T	5	0	71	17.8450704225352
A_PA	1407	72	G	4	0	67	19.1791044776119
A_PA	1408	71	C	5	0	71	18.7323943661972
A_PA	1409	70	T	6	0	69	19.463768115942
A_PA	1410	72	C	4	0	71	19.5352112676056
A_PA	1411	72	A	4	0	70	19.5714285714286
A_PA	1412	72	A	4	0	70	18.6428571428571
A_PA	1413	72	T	4	0	70	20
A_PA	1414	71	G	5	0	70	19.7571428571429
A_PA	1415	70	C	6	0	70	19.9285714285714
A_PA	1416	72	A	4	0	72	20.6944444444444
A_PA	1417	72	T	4	0	71	19.3239436619718
A_PA	1418	74	C	2	0	73	20
A_PA	1419	74	C	2	0	72	18.7361111111111
A_PA	1420	73	T	3	0	70	19.5285714285714
A_PA	1421	72	G	4	0	70	17.7142857142857
A_PA	1422	72	T	4	0	69	17.9130434782609
A_PA	1423	68	G	8	0	62	18.5322580645161
A_PA	1424	68	C	8	0	64	16
A_PA	1425	72	G	5	0	69	16.4057971014493
A_PA	1426	74	G	3	0	73	17.6164383561644
A_PA	1427	74	C	3	0	71	16.8028169014085
A_PA	1428	74	A	3	0	74	20.1486486486486
A_PA	1429	74	A	3	0	74	21.4324324324324
A_PA	1430	74	T	3	0	74	21.6486486486486
A_PA	1431	74	G	3	0	74	20.4594594594595
A_PA	1432	75	G	2	0	74	18.8783783783784
A_PA	1433	74	A	3	0	73	19.4794520547945
A_PA	1434	74	C	3	0	73	19.0821917808219
A_PA	1435	75	G	2	0	74	20.3108108108108
A_PA	1436	74	A	3	0	74	21.7297297297297
A_PA	1437	74	T	3	0	72	22.9583333333333
A_PA	1438	74	T	3	0	74	22.7027027027027
A_PA	1439	75	T	2	0	75	23.7466666666667
A_PA	1440	75	T	2	0	73	26.3287671232877
A_PA	1441	75	C	2	0	73	22.6301369863014
A_PA	1442	74	A	3	0	73	21.3561643835616
A_PA	1443	74	A	3	0	72	18.5555555555556
A_PA	1444	73	C	4	0	69	19.0869565217391
A_PA	1445	75	T	2	0	71	17.7605633802817
A_PA	1446	76	A	1	0	76	19.0657894736842
A_PA	1447	74	A	3	0	73	20.5205479452055
A_PA	1448	73	T	4	0	73	21.0821917808219
A_PA	1449	66	C	11	0	64	22.015625
A_PA	1450	74	C	3	0	74	19.6216216216216
A_PA	1451	71	C	6	0	68	19.8970588235294
A_PA	1452	73	C	4	0	68	20.5147058823529
A_PA	1453	72	A	5	0	70	21.5142857142857
A_PA	1454	74	T	3	0	71	20.6338028169014
A_PA	1455	74	G	3	0	73	23.3287671232877
A_PA	1456	75	A	2	0	73	22.6164383561644
A_PA	1457	75	T	2	0	75	22.3866666666667
A_PA	1458	73	A	4	0	73	21.3150684931507
A_PA	1459	75	A	2	0	74	20.5135135135135
A_PA	1460	74	G	3	0	72	20.1944444444444
A_PA	1461	74	C	3	0	73	21.7123287671233
A_PA	1462	75	A	2	0	72	21.7083333333333
A_PA	1463	74	A	3	0	73	20.027397260274
A_PA	1464	73	G	4	0	72	19.4027777777778
A_PA	1465	74	T	3	0	74	20.2837837837838
A_PA	1466	73	G	4	0	72	21.3611111111111
A_PA	1467	73	C	4	0	72	21.1944444444444
A_PA	1468	74	A	3	0	73	21.6849315068493
A_PA	1469	75	G	2	0	73	20
A_PA	1470	75	A	2	0	74	19.8243243243243
A_PA	1471	75	A	2	0	75	20.2
A_PA	1472	75	C	2	0	74	20.2837837837838
A_PA	1473	76	T	1	0	73	21.6712328767123
A_PA	1474	75	A	2	0	73	25.8493150684932
A_PA	1475	74	A	3	0	73	25.2054794520548
A_PA	1476	72	A	5	0	71	21.3802816901408
A_PA	1477	72	G	5	0	71	19.7605633802817
A_PA	1478	74	A	3	0	74	16.7297297297297
A_PA	1479	61	G	16	0	61	15.9344262295082
A_PA	1480	72	G	5	0	72	18.3055555555556
A_PA	1481	72	G	5	0	71	18.3521126760563
A_PA	1482	71	A	6	0	71	16.4366197183099
A_PA	1483	73	A	4	0	73	16.1369863013699
A_PA	1484	74	G	3	0	73	15.0684931506849
A_PA	1485	74	G	3	0	74	15.5
A_PA	1486	74	C	3	0	70	15.8714285714286
A_PA	1487	74	G	3	0	74	20.2297297297297
A_PA	1488	65	A	12	0	64	22.109375
A_PA	1489	75	A	2	0	75	23.8933333333333
A_PA	1490	76	A	1	0	76	24.8289473684211
A_PA	1491	76	A	1	0	75	24.24
A_PA	1492	76	A	1	0	76	23.0394736842105
A_PA	1493	73	C	4	0	73	21.3835616438356
A_PA	1494	75	C	2	0	74	20.4459459459459
A_PA	1495	74	A	3	0	74	20.6351351351351
A_PA	1496	73	A	4	0	71	19.5492957746479
A_PA	1497	72	T	5	0	71	19.7323943661972
A_PA	1498	73	T	4	0	72	20.7638888888889
A_PA	1499	72	T	5	0	69	33.3623188405797
A_PA	1500	73	A	4	0	72	25.8194444444444
A_PA	1501	75	T	2	0	73	22.3698630136986
A_PA	1502	76	A	1	0	76	20.5263157894737
A_PA	1503	74	T	3	0	74	23.5540540540541
A_PA	1504	75	G	2	0	75	21.2533333333333
A_PA	1505	75	G	2	0	75	22.4266666666667
A_PA	1506	75	A	2	0	74	22.7837837837838
A_PA	1507	75	T	2	0	75	23.2
A_PA	1508	74	T	3	0	73	23.3835616438356
A_PA	1509	74	C	3	0	73	23.9041095890411
A_PA	1510	75	A	2	0	75	24.8666666666667
A_PA	1511	76	T	1	0	73	24.7123287671233
A_PA	1512	76	C	1	0	74	24.4864864864865
A_PA	1513	76	A	1	0	75	23.0533333333333
A_PA	1514	75	T	3	0	75	23.2266666666667
A_PA	1515	73	A	5	0	72	24.2638888888889
A_PA	1516	76	A	2	0	76	20.9473684210526
A_PA	1517	75	A	3	0	74	17.1351351351351
A_PA	1518	65	G	13	0	62	18.0322580645161
A_PA	1519	76	G	2	0	75	21.5866666666667
A_PA	1520	77	G	1	0	76	20.2368421052632
A_PA	1521	78	A	0	0	76	21.25
A_PA	1522	78	A	0	0	74	21.4864864864865
A_PA	1523	78	G	0	0	75	20.1733333333333
A_PA	1524	78	A	0	0	77	19.7532467532468
A_PA	1525	75	T	3	0	74	21.6081081081081
A_PA	1526	73	C	5	0	70	19.5428571428571
A_PA	1527	78	T	0	0	76	21.4078947368421
A_PA	1528	76	C	2	0	76	21.4210526315789
A_PA	1529	77	A	1	0	77	22.2077922077922
A_PA	1530	78	T	0	0	78	20.6153846153846
A_PA	1531	78	C	0	0	77	19.5584415584416
A_PA	1532	77	T	1	0	76	19.5789473684211
A_PA	1533	78	G	0	0	78	18.8846153846154
A_PA	1534	76	A	2	0	76	18.4078947368421
A_PA	1535	70	G	8	0	69	19.3188405797101
A_PA	1536	78	G	0	0	78	20.9871794871795
A_PA	1537	78	A	0	0	77	21.5324675324675
A_PA	1538	78	A	0	0	78	21.525641025641
A_PA	1539	77	T	1	0	76	22.7236842105263
A_PA	1540	77	G	1	0	76	24
A_PA	1541	78	A	0	0	77	26.4155844155844
A_PA	1542	78	C	0	0	76	26.5394736842105
A_PA	1543	78	A	0	0	75	23.4133333333333
A_PA	1544	78	C	0	0	75	28.8266666666667
A_PA	1545	78	A	0	0	75	26.44
A_PA	1546	77	G	1	0	75	19.7866666666667
A_PA	1547	78	A	0	0	77	18.5324675324675
A_PA	1548	76	C	2	0	76	17.0789473684211
A_PA	1549	73	G	5	0	71	16.6760563380282
A_PA	1550	73	T	5	0	72	16.8888888888889
A_PA	1551	74	G	4	0	68	17.4411764705882
A_PA	1552	77	G	1	0	75	18.3333333333333
A_PA	1553	76	T	2	0	71	20.5352112676056
A_PA	1554	77	A	1	0	77	20.6363636363636
A_PA	1555	76	A	2	0	75	22.28
A_PA	1556	75	A	3	0	71	21.7323943661972
A_PA	1557	75	C	3	0	74	20.3243243243243
A_PA	1558	71	T	7	0	71	18.9859154929577
A_PA	1559	74	T	4	0	74	18.7702702702703
A_PA	1560	74	T	4	0	72	20
A_PA	1561	74	G	4	0	72	19.3472222222222
A_PA	1562	77	T	1	0	71	18.4084507042254
A_PA	1563	76	G	2	0	74	18.3918918918919
A_PA	1564	77	A	1	0	75	18.4133333333333
A_PA	1565	77	G	1	0	75	17.8933333333333
A_PA	1566	79	C	0	0	73	18.3424657534247
A_PA	1567	79	A	0	0	79	17.1898734177215
A_PA	1568	78	T	1	0	75	18.68
A_PA	1569	73	G	6	0	72	21.3194444444444
A_PA	1570	75	G	4	0	74	21.2297297297297
A_PA	1571	73	A	6	0	72	19.6388888888889
A_PA	1572	77	G	2	0	75	19.1866666666667
A_PA	1573	76	T	3	0	71	20.4084507042254
A_PA	1574	79	T	0	0	77	21.2077922077922
A_PA	1575	79	T	0	0	79	19.620253164557
A_PA	1576	76	T	3	0	75	21.1866666666667
A_PA	1577	73	C	6	0	69	28.3478260869565
A_PA	1578	73	T	6	0	69	26.5507246376812
A_PA	1579	76	C	3	0	75	24.2933333333333
A_PA	1580	78	T	1	0	77	38.2727272727273
A_PA	1581	75	C	4	0	74	31.5
A_PA	1582	78	A	1	0	75	20.56
A_PA	1583	78	C	1	0	75	21.2666666666667
A_PA	1584	78	A	1	0	77	22.6233766233766
A_PA	1585	78	G	1	0	78	21.3717948717949
A_PA	1586	79	A	0	0	79	21.0379746835443
A_PA	1587	79	T	0	0	79	22.0253164556962
A_PA	1588	76	C	3	0	75	22.4933333333333
A_PA	1589	74	C	5	0	73	22.9452054794521
A_PA	1590	74	A	5	0	74	22.027027027027
A_PA	1591	78	A	1	0	77	20.9090909090909
A_PA	1592	78	G	1	0	76	22.4078947368421
A_PA	1593	78	A	1	0	77	23
A_PA	1594	78	C	1	0	78	21.474358974359
A_PA	1595	78	T	1	0	78	23.0897435897436
A_PA	1596	78	T	1	0	78	25.0897435897436
A_PA	1597	78	G	1	0	78	24.7051282051282
A_PA	1598	79	A	0	0	79	23.8607594936709
A_PA	1599	79	A	0	0	78	22.7820512820513
A_PA	1600	77	C	2	0	76	22.4210526315789
A_PA	1601	77	C	2	0	77	21.3246753246753
A_PA	1602	77	A	2	0	77	21.4025974025974
A_PA	1603	79	C	0	0	77	21.5194805194805
A_PA	1604	78	A	1	0	78	22.2692307692308
A_PA	1605	78	T	1	0	77	22.974025974026
A_PA	1606	79	A	0	0	78	24.7948717948718
A_PA	1607	78	A	1	0	78	24.2307692307692
A_PA	1608	78	A	1	0	78	23.3205128205128
A_PA	1609	78	T	1	0	78	23.5641025641026
A_PA	1610	76	G	4	0	73	22.3424657534247
A_PA	1611	79	G	1	0	79	21.6455696202532
A_PA	1612	79	G	1	0	79	21.6075949367089
A_PA	1613	77	A	3	0	76	23.9342105263158
A_PA	1614	75	G	5	0	74	24.0405405405405
A_PA	1615	78	A	2	0	78	23.2179487179487
A_PA	1616	80	A	0	0	79	22.493670886076
A_PA	1617	80	A	0	0	79	22.5316455696203
A_PA	1618	79	T	1	0	78	23.1282051282051
A_PA	1619	78	A	2	0	78	22.0384615384615
A_PA	1620	79	T	1	0	78	21.5512820512821
A_PA	1621	76	T	4	0	75	29.1733333333333
A_PA	1622	76	G	4	0	74	30.7972972972973
A_PA	1623	80	T	0	0	77	20.5064935064935
A_PA	1624	79	G	1	0	77	20.9090909090909
A_PA	1625	79	T	1	0	79	21.5822784810127
A_PA	1626	77	C	3	0	76	22.3026315789474
A_PA	1627	79	C	1	0	78	19.0769230769231
A_PA	1628	77	T	3	0	74	19.2702702702703
A_PA	1629	80	T	0	0	79	20.0632911392405
A_PA	1630	79	G	1	0	78	23.6025641025641
A_PA	1631	80	A	0	0	79	22.6455696202532
A_PA	1632	79	G	1	0	78	22.7564102564103
A_PA	1633	79	A	1	0	77	25.7012987012987
A_PA	1634	79	T	1	0	79	18.6962025316456
A_PA	1635	79	A	1	0	76	17.3552631578947
A_PA	1636	75	G	5	0	75	18.1866666666667
A_PA	1637	76	G	4	0	76	22.2763157894737
A_PA	1638	77	A	3	0	77	21.4415584415584
A_PA	1639	80	G	0	0	78	22.1666666666667
A_PA	1640	79	A	1	0	79	20.746835443038
A_PA	1641	79	T	1	0	77	19.8051948051948
A_PA	1642	79	A	1	0	79	19.3544303797468
A_PA	1643	77	T	3	0	77	21.1818181818182
A_PA	1644	77	G	3	0	77	20.8571428571429
A_PA	1645	74	T	6	0	74	20.7702702702703
A_PA	1646	78	T	2	0	77	19.5324675324675
A_PA	1647	78	A	2	0	76	18.3026315789474
A_PA	1648	80	C	0	0	75	17.9333333333333
A_PA	1649	79	T	1	0	73	18.3150684931507
A_PA	1650	76	A	4	0	75	19.08
A_PA	1651	78	A	2	0	77	16.7402597402597
A_PA	1652	77	G	3	0	70	17.7
A_PA	1653	79	G	1	0	76	18.4342105263158
A_PA	1654	79	A	1	0	78	16.974358974359
A_PA	1655	79	G	1	0	74	17.1891891891892
A_PA	1656	77	T	3	0	76	16.4473684210526
A_PA	1657	79	G	1	0	78	17.4230769230769
A_PA	1658	79	C	1	0	79	17.8481012658228
A_PA	1659	80	C	0	0	76	18.1710526315789
A_PA	1660	76	A	4	0	75	19.6
A_PA	1661	76	T	4	0	74	19.0405405405405
A_PA	1662	77	A	3	0	75	15.2133333333333
A_PA	1663	74	G	7	0	72	14.9305555555556
A_PA	1664	80	G	1	0	76	13.9342105263158
A_PA	1665	74	C	7	0	70	13.3285714285714
A_PA	1666	77	C	4	0	69	12.4782608695652
A_PA	1667	75	A	6	0	73	12.4246575342466
A_PA	1668	69	A	12	0	66	13.3333333333333
A_PA	1669	72	A	9	0	66	12.969696969697
A_PA	1670	71	T	10	0	69	14.1594202898551
A_PA	1671	73	T	8	0	69	16.2173913043478
A_PA	1672	76	T	5	0	72	17.5277777777778
A_PA	1673	78	C	3	0	74	19.4324324324324
A_PA	1674	77	A	4	0	76	19.9473684210526
A_PA	1675	80	A	1	0	79	17.2025316455696
A_PA	1676	79	G	2	0	78	15.5769230769231
A_PA	1677	80	G	1	0	78	15.974358974359
A_PA	1678	81	C	0	0	77	15.1688311688312
A_PA	1679	81	C	0	0	69	15.5507246376812
A_PA	1680	81	G	0	0	80	19.3125
A_PA	1681	80	A	1	0	80	20.2875
A_PA	1682	81	T	0	0	80	19.45
A_PA	1683	81	G	0	0	80	20.8
A_PA	1684	80	T	1	0	78	22.4871794871795
A_PA	1685	80	T	1	0	79	22.8101265822785
A_PA	1686	79	C	2	0	79	20.2405063291139
A_PA	1687	77	T	4	0	74	21.6351351351351
A_PA	1688	79	T	2	0	77	20.6103896103896
A_PA	1689	78	G	3	0	78	17.9871794871795
A_PA	1690	77	T	4	0	74	17.7027027027027
A_PA	1691	77	A	4	0	76	18
A_PA	1692	77	T	4	0	72	18.3472222222222
A_PA	1693	78	G	3	0	75	17.5333333333333
A_PA	1694	79	T	2	0	75	18.04
A_PA	1695	81	G	0	0	79	18.6582278481013
A_PA	1696	80	A	1	0	76	17.8947368421053
A_PA	1697	78	G	3	0	78	18.2179487179487
A_PA	1698	78	G	3	0	76	19.8552631578947
A_PA	1699	78	A	3	0	76	19.9078947368421
A_PA	1700	81	C	0	0	78	22.1538461538462
A_PA	1701	79	A	2	0	78	19.6923076923077
A_PA	1702	79	A	2	0	78	20.4487179487179
A_PA	1703	79	A	2	0	77	18.9220779220779
A_PA	1704	80	C	1	0	76	17.3815789473684
A_PA	1705	75	G	6	0	69	17.8550724637681
A_PA	1706	81	G	0	0	80	19.675
A_PA	1707	80	A	1	0	80	21.775
A_PA	1708	81	A	0	0	81	22.1234567901235
A_PA	1709	81	C	0	0	80	23.95
A_PA	1710	81	A	0	0	81	24.4938271604938
A_PA	1711	81	T	0	0	79	25.1139240506329
A_PA	1712	80	C	1	0	80	26.0125
A_PA	1713	76	A	5	0	75	23.9333333333333
A_PA	1714	80	A	1	0	80	24.5
A_PA	1715	80	A	1	0	79	24.2911392405063
A_PA	1716	80	A	1	0	80	23.7875
A_PA	1717	79	G	2	0	78	23.3846153846154
A_PA	1718	81	T	0	0	79	22.9873417721519
A_PA	1719	81	C	0	0	81	24.9506172839506
A_PA	1720	75	A	6	0	73	24.5068493150685
A_PA	1721	81	A	0	0	81	24.8395061728395
A_PA	1722	81	A	0	0	80	25
A_PA	1723	81	A	0	0	80	24.7125
A_PA	1724	81	T	0	0	80	24.375
A_PA	1725	80	G	1	0	77	23.6623376623377
A_PA	1726	79	A	2	0	79	22.7341772151899
A_PA	1727	81	A	0	0	81	22.2716049382716
A_PA	1728	81	A	0	0	80	22.3625
A_PA	1729	81	T	0	0	81	22.1728395061728
A_PA	1730	69	G	12	0	69	20.6086956521739
A_PA	1731	80	G	1	0	79	20.3164556962025
A_PA	1732	80	G	1	0	80	19.95
A_PA	1733	80	G	1	0	80	19.95
A_PA	1734	79	A	2	0	79	22.7341772151899
A_PA	1735	79	A	2	0	78	21.3974358974359
A_PA	1736	80	T	1	0	78	21.025641025641
A_PA	1737	78	G	3	0	77	22.5584415584416
A_PA	1738	78	G	3	0	78	23.2692307692308
A_PA	1739	77	A	4	0	76	22.1842105263158
A_PA	1740	81	G	0	0	80	22.0625
A_PA	1741	81	A	0	0	80	21.125
A_PA	1742	81	T	0	0	79	21.2658227848101
A_PA	1743	79	G	2	0	78	21.9102564102564
A_PA	1744	78	A	3	0	77	19.5844155844156
A_PA	1745	80	G	1	0	79	19.5443037974684
A_PA	1746	80	A	1	0	80	18.1125
A_PA	1747	80	C	1	0	79	17.5569620253165
A_PA	1748	79	G	2	0	77	17.4675324675325
A_PA	1749	79	T	2	0	74	18.1486486486486
A_PA	1750	79	T	2	0	79	17.9746835443038
A_PA	1751	79	G	2	0	77	16.4415584415584
A_PA	1752	79	C	2	0	78	18.2435897435897
A_PA	1753	74	C	7	0	73	18.8356164383562
A_PA	1754	73	T	8	0	73	18.2876712328767
A_PA	1755	79	C	2	0	72	21.0972222222222
A_PA	1756	81	C	0	0	81	21.1728395061728
A_PA	1757	81	T	0	0	81	20.6296296296296
A_PA	1758	80	T	1	0	79	21.5316455696203
A_PA	1759	80	C	1	0	78	22.5897435897436
A_PA	1760	80	A	1	0	78	19.6794871794872
A_PA	1761	80	G	1	0	77	19.7532467532468
A_PA	1762	80	T	1	0	79	20.7341772151899
A_PA	1763	80	C	1	0	78	19.7948717948718
A_PA	1764	79	A	2	0	76	18.2631578947368
A_PA	1765	78	C	3	0	78	18.9487179487179
A_PA	1766	80	T	1	0	79	19.1772151898734
A_PA	1767	73	C	8	0	72	21.375
A_PA	1768	76	C	5	0	74	20.5540540540541
A_PA	1769	76	A	5	0	75	18.9333333333333
A_PA	1770	76	G	5	0	74	19
A_PA	1771	80	C	1	0	79	21.3037974683544
A_PA	1772	80	A	1	0	80	20.5875
A_PA	1773	81	G	0	0	80	18.9125
A_PA	1774	81	A	0	0	78	19.7948717948718
A_PA	1775	81	T	0	0	81	19.4691358024691
A_PA	1776	81	C	0	0	80	19.625
A_PA	1777	76	G	5	0	74	21.3513513513514
A_PA	1778	77	A	4	0	77	23.1688311688312
A_PA	1779	81	G	0	0	81	17.2222222222222
A_PA	1780	76	A	5	0	76	19.4078947368421
A_PA	1781	80	G	1	0	80	21.2125
A_PA	1782	79	C	2	0	79	17.3164556962025
A_PA	1783	80	A	1	0	79	18.3670886075949
A_PA	1784	80	T	1	0	78	21.2948717948718
A_PA	1785	80	G	1	0	80	24.55
A_PA	1786	81	A	0	0	79	23.7215189873418
A_PA	1787	81	T	0	0	81	21.8641975308642
A_PA	1788	81	T	0	0	78	22.6025641025641
A_PA	1789	80	G	1	0	79	21.9113924050633
A_PA	1790	80	A	1	0	79	19.6708860759494
A_PA	1791	81	A	0	0	81	16
A_PA	1792	81	G	0	0	81	14.9382716049383
A_PA	1793	78	C	3	0	78	14.9358974358974
A_PA	1794	79	C	2	0	73	15.2328767123288
A_PA	1795	80	G	1	0	78	19
A_PA	1796	81	A	0	0	79	19.2911392405063
A_PA	1797	81	G	0	0	81	17.6049382716049
A_PA	1798	81	T	0	0	80	15.025
A_PA	1799	79	C	2	0	78	17.9615384615385
A_PA	1800	81	C	0	0	80	18.525
A_PA	1801	80	T	1	0	76	19.3684210526316
A_PA	1802	79	C	2	0	77	20.5324675324675
A_PA	1803	79	A	2	0	77	20.7272727272727
A_PA	1804	80	G	1	0	79	20.5949367088608
A_PA	1805	80	T	1	0	78	22.2948717948718
A_PA	1806	80	T	1	0	79	23.6835443037975
A_PA	1807	77	A	4	0	76	25.6052631578947
A_PA	1808	77	A	5	0	77	26.1168831168831
A_PA	1809	77	A	7	0	76	29.2236842105263
A_PA	1810	77	G	7	0	75	24.52
A_PA	1811	81	A	3	0	80	23
A_PA	1812	80	G	4	0	80	31.4375
A_PA	1813	84	A	0	0	81	28.641975308642
A_PA	1814	84	A	0	0	83	22.6506024096386
A_PA	1815	84	A	0	0	81	21.8888888888889
A_PA	1816	84	G	0	0	83	22.9156626506024
A_PA	1817	83	A	1	0	81	24
A_PA	1818	84	C	0	0	82	22.7926829268293
A_PA	1819	84	A	0	0	81	22.6296296296296
A_PA	1820	83	T	1	0	81	21.9135802469136
A_PA	1821	84	G	0	0	82	21.5609756097561
A_PA	1822	84	A	0	0	84	21.0595238095238
A_PA	1823	83	C	1	0	82	22.280487804878
A_PA	1824	84	C	0	0	82	22.0365853658537
A_PA	1825	80	A	4	0	79	24.0126582278481
A_PA	1826	81	A	3	0	81	25.037037037037
A_PA	1827	80	A	4	0	77	21.6883116883117
A_PA	1828	81	G	3	0	80	20.025
A_PA	1829	81	A	3	0	80	20.4
A_PA	1830	81	G	3	0	80	20.85
A_PA	1831	49	N	35	0	46	23.3913043478261
A_PA	1832	77	T	7	0	74	22.2972972972973
A_PA	1833	83	T	1	0	83	22.4096385542169
A_PA	1834	83	T	1	0	83	23.2409638554217
A_PA	1835	84	T	0	0	84	22.4880952380952
A_PA	1836	83	T	1	0	81	21.2962962962963
A_PA	1837	81	G	3	0	80	24.0625
A_PA	1838	82	A	2	0	82	24.1585365853659
A_PA	1839	83	G	1	0	82	22.890243902439
A_PA	1840	83	A	1	0	81	21.6296296296296
A_PA	1841	83	A	1	0	83	21.7831325301205
A_PA	1842	83	T	1	0	82	21.5121951219512
A_PA	1843	81	A	3	0	81	23.2469135802469
A_PA	1844	84	A	0	0	84	23.8809523809524
A_PA	1845	84	A	0	0	84	22.8571428571429
A_PA	1846	84	T	0	0	81	24.2716049382716
A_PA	1847	84	C	0	0	82	22.2439024390244
A_PA	1848	80	A	4	0	80	19.55
A_PA	1849	84	G	0	0	83	20.1566265060241
A_PA	1850	84	A	0	0	83	18.7469879518072
A_PA	1851	84	A	0	0	84	19.5238095238095
A_PA	1852	84	G	0	0	83	19.8433734939759
A_PA	1853	83	C	1	0	81	19.5555555555556
A_PA	1854	83	A	1	0	82	19.7073170731707
A_PA	1855	84	T	0	0	83	18.566265060241
A_PA	1856	81	G	3	0	80	18.2
A_PA	1857	82	G	2	0	78	18.2820512820513
A_PA	1858	82	C	2	0	82	17.9268292682927
A_PA	1859	82	C	2	0	79	18.8607594936709
A_PA	1860	83	C	1	0	80	19.475
A_PA	1861	82	A	2	0	82	18.5
A_PA	1862	83	T	1	0	80	18.375
A_PA	1863	84	T	0	0	83	19.3373493975904
A_PA	1864	73	G	11	0	69	18.2028985507246
A_PA	1865	81	G	3	0	80	17.2
A_PA	1866	83	G	1	0	81	17.2839506172839
A_PA	1867	83	G	1	0	80	18.875
A_PA	1868	83	A	1	0	83	18.8433734939759
A_PA	1869	83	G	1	0	81	19.0123456790123
A_PA	1870	83	T	1	0	82	17.890243902439
A_PA	1871	60	C	24	0	59	18.5932203389831
A_PA	1872	77	C	7	0	76	17.9473684210526
A_PA	1873	83	C	1	0	80	17.15
A_PA	1874	82	C	2	0	78	17.7307692307692
A_PA	1875	81	C	3	0	75	18.9066666666667
A_PA	1876	80	A	4	0	79	22.8860759493671
A_PA	1877	78	A	6	0	77	20.7792207792208
A_PA	1878	78	A	6	0	76	18
A_PA	1879	80	G	4	0	78	20.7948717948718
A_PA	1880	79	G	5	0	79	17.8227848101266
A_PA	1881	81	A	3	0	79	14.4810126582278
A_PA	1882	82	G	2	0	81	13.9259259259259
A_PA	1883	79	T	5	0	76	13.1184210526316
A_PA	1884	83	G	1	0	82	19.109756097561
A_PA	1885	84	G	0	0	84	23.6428571428571
A_PA	1886	84	A	0	0	84	22.702380952381
A_PA	1887	83	A	1	0	82	23.8414634146341
A_PA	1888	83	G	1	0	83	21.1566265060241
A_PA	1889	82	A	2	0	81	22.0123456790123
A_PA	1890	83	A	1	0	82	19.5853658536585
A_PA	1891	83	G	1	0	79	18.0253164556962
A_PA	1892	84	G	0	0	84	20.25
A_PA	1893	84	T	0	0	83	20.0722891566265
A_PA	1894	84	T	0	0	82	20.5365853658537
A_PA	1895	83	C	1	0	80	23.1
A_PA	1896	84	C	0	0	82	22.8780487804878
A_PA	1897	83	A	1	0	82	21.5853658536585
A_PA	1898	85	T	0	0	83	21.8433734939759
A_PA	1899	85	T	0	0	84	22.047619047619
A_PA	1900	81	G	4	0	78	21.474358974359
A_PA	1901	85	G	0	0	85	21.7294117647059
A_PA	1902	84	G	1	0	82	22.8536585365854
A_PA	1903	83	A	2	0	83	23.4819277108434
A_PA	1904	85	A	0	0	84	23.2380952380952
A_PA	1905	85	A	0	0	85	22.4352941176471
A_PA	1906	85	G	0	0	85	22.8705882352941
A_PA	1907	84	T	1	0	83	21.4698795180723
A_PA	1908	85	T	0	0	82	21.8048780487805
A_PA	1909	85	T	0	0	84	20.9880952380952
A_PA	1910	85	G	0	0	85	21.0470588235294
A_PA	1911	85	T	0	0	83	18.9397590361446
A_PA	1912	84	A	1	0	79	16.493670886076
A_PA	1913	81	G	4	0	81	16.2716049382716
A_PA	1914	85	G	0	0	84	16.452380952381
A_PA	1915	84	A	1	0	84	15.9642857142857
A_PA	1916	85	C	0	0	85	21.3411764705882
A_PA	1917	83	T	2	0	83	17.5421686746988
A_PA	1918	84	C	1	0	84	17.9047619047619
A_PA	1919	79	T	6	0	79	18.0506329113924
A_PA	1920	79	A	6	0	77	20.2987012987013
A_PA	1921	83	T	2	0	78	20.0769230769231
A_PA	1922	83	T	2	0	83	18.6626506024096
A_PA	1923	82	G	3	0	81	17.3827160493827
A_PA	1924	84	G	1	0	83	17.2771084337349
A_PA	1925	84	C	1	0	82	18.1707317073171
A_PA	1926	85	T	0	0	79	19.8354430379747
A_PA	1927	84	A	1	0	81	20.1358024691358
A_PA	1928	84	A	1	0	84	19.3214285714286
A_PA	1929	84	G	1	0	80	19.1375
A_PA	1930	83	T	2	0	80	19.6
A_PA	1931	83	C	2	0	79	19.5443037974684
A_PA	1932	84	A	1	0	79	17.1518987341772
A_PA	1933	83	G	2	0	81	18.0123456790123
A_PA	1934	85	T	0	0	83	18.9156626506024
A_PA	1935	85	A	0	0	84	20.4166666666667
A_PA	1936	85	T	0	0	83	21.1927710843373
A_PA	1937	89	T	0	0	89	20.314606741573
A_PA	1938	89	C	0	0	89	19.9213483146067
A_PA	1939	87	A	2	0	87	19.6206896551724
A_PA	1940	88	A	1	0	83	18.1084337349398
A_PA	1941	87	T	2	0	85	18.4941176470588
A_PA	1942	88	A	1	0	85	17.7647058823529
A_PA	1943	87	G	2	0	84	15.9642857142857
A_PA	1944	88	C	1	0	88	15.6022727272727
A_PA	1945	88	C	1	0	87	15.8505747126437
A_PA	1946	89	T	0	0	87	16.4137931034483
A_PA	1947	89	G	0	0	88	19.5681818181818
A_PA	1948	88	T	1	0	86	20.1976744186047
A_PA	1949	89	A	0	0	88	20.0340909090909
A_PA	1950	88	T	2	0	86	20.5
A_PA	1951	89	G	1	0	88	20.5909090909091
A_PA	1952	90	C	0	0	88	21.2272727272727
A_PA	1953	90	A	0	0	90	22.3222222222222
A_PA	1954	90	T	0	0	85	22.0705882352941
A_PA	1955	87	C	3	0	86	22.8139534883721
A_PA	1956	87	A	3	0	86	20.8139534883721
A_PA	1957	86	C	4	0	86	18.6627906976744
A_PA	1958	86	C	4	0	86	19.6627906976744
A_PA	1959	86	A	4	0	86	19.1279069767442
A_PA	1960	89	C	1	0	88	20.5340909090909
A_PA	1961	88	A	2	0	87	23.0344827586207
A_PA	1962	87	A	3	0	86	21.2558139534884
A_PA	1963	88	T	2	0	86	18.7558139534884
A_PA	1964	88	T	2	0	87	18.0229885057471
A_PA	1965	82	G	8	0	80	19.3625
A_PA	1966	90	G	0	0	86	21.8953488372093
A_PA	1967	89	A	1	0	87	21.1264367816092
A_PA	1968	90	A	0	0	90	20
A_PA	1969	90	G	0	0	89	21.3483146067416
A_PA	1970	88	G	2	0	88	23.4772727272727
A_PA	1971	87	A	3	0	86	23.1395348837209
A_PA	1972	88	T	2	0	85	24.3647058823529
A_PA	1973	90	T	0	0	90	24.2111111111111
A_PA	1974	90	T	0	0	89	22.2808988764045
A_PA	1975	90	T	0	0	87	22.8505747126437
A_PA	1976	90	C	0	0	90	21.0111111111111
A_PA	1977	89	A	1	0	89	18.7415730337079
A_PA	1978	88	G	2	0	86	18.1162790697674
A_PA	1979	89	C	1	0	87	19.3218390804598
A_PA	1980	89	A	1	0	87	21.8275862068966
A_PA	1981	89	G	1	0	86	18.2790697674419
A_PA	1982	90	A	0	0	90	18.1222222222222
A_PA	1983	89	G	1	0	88	18.2159090909091
A_PA	1984	89	T	1	0	85	19.2705882352941
A_PA	1985	90	C	0	0	87	21.1609195402299
A_PA	1986	84	A	6	0	82	20.890243902439
A_PA	1987	86	A	4	0	83	20.421686746988
A_PA	1988	85	G	4	0	84	21.547619047619
A_PA	1989	79	A	10	0	76	20.6710526315789
A_PA	1990	86	A	3	0	86	21.3023255813953
A_PA	1991	87	A	2	0	86	20.2441860465116
A_PA	1992	93	A	2	0	88	20.5568181818182
A_PA	1993	92	C	3	0	91	18.4505494505494
A_PA	1994	94	T	2	0	91	17.8461538461538
A_PA	1995	95	G	1	0	91	17.8021978021978
A_PA	1996	94	C	2	0	90	17.3777777777778
A_PA	1997	94	T	2	0	93	17
A_PA	1998	93	C	3	0	90	18.1444444444444
A_PA	1999	93	C	3	0	91	16.5604395604396
A_PA	2000	90	T	6	0	85	17.4588235294118
A_PA	2001	93	T	3	0	89	21.0449438202247
A_PA	2002	93	A	3	0	90	22.3777777777778
A_PA	2003	96	T	0	0	93	22.5376344086022
A_PA	2004	96	T	0	0	96	21.0208333333333
A_PA	2005	95	G	1	0	94	21.1914893617021
A_PA	2006	96	T	0	0	96	20.5729166666667
A_PA	2007	96	T	0	0	93	21.4838709677419
A_PA	2008	96	C	0	0	91	20.4505494505494
A_PA	2009	96	A	0	0	93	16.505376344086
A_PA	2010	92	G	4	0	89	16.4719101123596
A_PA	2011	96	G	0	0	95	16.2526315789474
A_PA	2012	94	C	2	0	92	17.304347826087
A_PA	2013	93	T	3	0	93	17.2688172043011
A_PA	2014	94	C	2	0	94	18.1808510638298
A_PA	2015	92	T	4	0	89	19.3932584269663
A_PA	2016	94	T	2	0	90	20.5333333333333
A_PA	2017	94	A	2	0	87	16.3793103448276
A_PA	2018	87	G	9	0	83	17
A_PA	2019	94	G	2	0	94	19
A_PA	2020	96	G	0	0	93	21.9462365591398
A_PA	2021	96	A	0	0	95	23.2631578947368
A_PA	2022	96	C	0	0	95	21.7473684210526
A_PA	2023	93	A	3	0	92	21.1086956521739
A_PA	2024	96	A	0	0	95	18.5052631578947
A_PA	2025	95	A	1	0	89	17.3707865168539
A_PA	2026	95	C	1	0	95	16.3789473684211
A_PA	2027	94	T	2	0	85	16.5294117647059
A_PA	2028	92	C	4	0	86	16.2209302325581
A_PA	2029	94	G	2	0	89	19.9438202247191
A_PA	2030	94	A	2	0	91	17.5384615384615
A_PA	2031	95	A	1	0	92	15.8804347826087
A_PA	2032	95	C	1	0	95	15.7368421052632
A_PA	2033	96	C	0	0	90	16.2222222222222
A_PA	2034	95	T	1	0	88	17.9886363636364
A_PA	2035	88	G	8	0	81	20.1728395061728
A_PA	2036	93	G	3	0	93	20.2365591397849
A_PA	2037	96	G	0	0	95	19.8
A_PA	2038	96	A	0	0	96	19.3333333333333
A_PA	2039	96	C	0	0	96	21.25
A_PA	2040	95	C	1	0	94	18.5
A_PA	2041	86	T	10	0	84	18.202380952381
A_PA	2042	94	T	2	0	92	22.2282608695652
A_PA	2043	96	T	0	0	96	23.5625
A_PA	2044	96	G	0	0	96	25.8958333333333
A_PA	2045	95	A	1	0	95	24.6842105263158
A_PA	2046	96	T	0	0	96	23.5729166666667
A_PA	2047	96	C	0	0	96	21.3854166666667
A_PA	2048	95	T	1	0	95	22.5052631578947
A_PA	2049	93	T	3	0	93	23.4731182795699
A_PA	2050	65	G	31	0	61	22.5245901639344
A_PA	2051	88	G	8	0	86	20.7209302325581
A_PA	2052	92	G	4	0	88	20.4659090909091
A_PA	2053	94	G	2	0	89	19.1460674157303
A_PA	2054	95	G	1	0	84	18.202380952381
A_PA	2055	94	G	2	0	89	16.5056179775281
A_PA	2056	94	C	2	0	91	15.3186813186813
A_PA	2057	92	T	4	0	90	18.4333333333333
A_PA	2058	91	A	5	0	89	18.9438202247191
A_PA	2059	94	T	2	0	91	19.5824175824176
A_PA	2060	92	A	4	0	90	16.1333333333333
A_PA	2061	91	T	5	0	83	17.7349397590361
A_PA	2062	92	G	4	0	92	21.8804347826087
A_PA	2063	94	A	2	0	92	19.3152173913043
A_PA	2064	95	A	1	0	94	17.8936170212766
A_PA	2065	95	G	1	0	91	17.3516483516484
A_PA	2066	95	C	1	0	94	16.4893617021277
A_PA	2067	91	A	5	0	91	19.2197802197802
A_PA	2068	96	A	0	0	93	17.7741935483871
A_PA	2069	94	T	2	0	87	17.8275862068966
A_PA	2070	95	T	1	0	92	18.4673913043478
A_PA	2071	94	G	2	0	94	19.2340425531915
A_PA	2072	94	A	2	0	91	17.6813186813187
A_PA	2073	90	G	6	0	90	19.5666666666667
A_PA	2074	94	G	2	0	91	18.032967032967
A_PA	2075	89	A	7	0	86	16.3720930232558
A_PA	2076	95	G	1	0	93	16.1290322580645
A_PA	2077	93	T	3	0	90	15.9444444444444
A_PA	2078	94	G	2	0	90	15.9777777777778
A_PA	2079	91	C	5	0	91	17.1538461538462
A_PA	2080	94	C	2	0	92	17.7282608695652
A_PA	2081	93	T	3	0	86	18.6046511627907
A_PA	2082	94	G	2	0	91	24.3186813186813
A_PA	2083	95	A	1	0	94	24.0106382978723
A_PA	2084	95	T	1	0	93	24.8494623655914
A_PA	2085	95	T	1	0	93	24.7849462365591
A_PA	2086	95	A	1	0	93	23.7096774193548
A_PA	2087	96	A	0	0	95	22.3894736842105
A_PA	2088	95	T	1	0	92	22.1304347826087
A_PA	2089	96	G	0	0	92	23.054347826087
A_PA	2090	95	A	1	0	94	21.2127659574468
A_PA	2091	96	T	0	0	94	18.8510638297872
A_PA	2092	89	C	7	0	87	17.9425287356322
A_PA	2093	94	C	2	0	93	15.2043010752688
A_PA	2094	91	C	5	0	88	14.8863636363636
A_PA	2095	90	T	6	0	84	15.2857142857143
A_PA	2096	83	G	13	0	75	16.56
A_PA	2097	90	G	6	0	85	18.1411764705882
A_PA	2098	95	G	1	0	94	19.063829787234
A_PA	2099	88	T	8	0	85	21.7058823529412
A_PA	2100	96	T	0	0	95	23.4105263157895
A_PA	2101	96	T	0	0	94	22.6063829787234
A_PA	2102	96	T	0	0	95	19.6736842105263
A_PA	2103	93	G	3	0	91	18.956043956044
A_PA	2104	92	C	4	0	91	17.8791208791209
A_PA	2105	92	T	4	0	88	18.1477272727273
A_PA	2106	91	C	5	0	90	18.5111111111111
A_PA	2107	92	A	4	0	92	20.3369565217391
A_PA	2108	96	A	0	0	92	18.5760869565217
A_PA	2109	95	T	1	0	93	19.1397849462366
A_PA	2110	95	G	1	0	92	21.2391304347826
A_PA	2111	96	C	0	0	92	20.5978260869565
A_PA	2112	95	A	1	0	94	20.436170212766
A_PA	2113	95	T	1	0	93	19.6451612903226
A_PA	2114	96	C	0	0	95	20.8736842105263
A_PA	2115	92	T	4	0	87	22.5172413793103
A_PA	2116	96	T	0	0	96	22.1770833333333
A_PA	2117	92	G	4	0	88	21.0227272727273
A_PA	2118	94	G	2	0	92	22
A_PA	2119	93	T	3	0	93	21.4623655913978
A_PA	2120	95	T	1	0	93	22.0215053763441
A_PA	2121	95	C	1	0	94	21.3936170212766
A_PA	2122	96	A	0	0	95	19.0421052631579
A_PA	2123	95	A	1	0	93	17.5376344086022
A_PA	2124	89	C	7	0	88	17.9659090909091
A_PA	2125	90	T	6	0	88	17.0113636363636
A_PA	2126	88	C	8	0	83	18.9036144578313
A_PA	2127	95	C	1	0	95	18.8105263157895
A_PA	2128	95	T	1	0	95	18.3684210526316
A_PA	2129	93	T	3	0	92	16.2282608695652
A_PA	2130	87	C	9	0	86	18.7325581395349
A_PA	2131	95	C	1	0	93	17.4516129032258
A_PA	2132	95	T	1	0	89	17.7303370786517
A_PA	2133	96	G	0	0	93	23.0967741935484
A_PA	2134	92	A	4	0	90	24.4666666666667
A_PA	2135	92	C	4	0	89	22.6516853932584
A_PA	2136	96	A	0	0	95	22.3368421052632
A_PA	2137	96	C	0	0	94	25.5851063829787
A_PA	2138	95	A	1	0	95	25.2526315789474
A_PA	2139	96	T	0	0	96	22.5625
A_PA	2140	96	G	0	0	93	23.6021505376344
A_PA	2141	96	C	0	0	95	24.1684210526316
A_PA	2142	96	A	0	0	95	22.5578947368421
A_PA	2143	96	T	0	0	95	23.1894736842105
A_PA	2144	96	T	0	0	94	26.563829787234
A_PA	2145	95	A	0	0	92	25.2826086956522
A_PA	2146	94	A	0	0	94	25.4255319148936
A_PA	2147	94	A	0	0	94	24.2872340425532
A_PA	2148	88	A	0	0	86	24.7441860465116
A_PA	2149	82	T	0	0	82	22.8780487804878
A_PA	2150	80	A	0	0	80	21.8625
A_PA	2151	77	G	0	0	77	22.5974025974026
